43691
32772
32774
32780
32782
32783
18
32787
20
21
22
32792
32793
32797
49157
14778
34
35
36
37
38
39
40
41
42
43
44
14186
55649
32817
32818
32819
32820
32821
32822
32823
32824
32825
32826
32827
32828
32829
36662
32839
31645
54559
32853
32854
32855
32858
32859
32860
32861
32862
32863
32864
32865
32866
32867
32868
32869
32870
32871
32872
32873
32874
32875
32876
32877
32878
32879
32880
32881
19
32788
42558
32790
60097
27331
32918
32919
32921
32923
32925
32927
32929
32931
32933
32935
32937
43719
32941
32943
32945
178
32947
180
181
182
183
184
185
186
32955
188
189
190
191
192
193
194
195
196
197
198
199
200
201
202
203
204
205
206
207
208
209
210
211
212
213
32982
215
216
217
218
219
220
221
222
223
224
32993
32994
227
228
229
230
32999
232
233
234
33003
236
237
238
33007
33008
241
242
243
244
245
246
33015
33016
33017
250
33019
33020
33021
254
255
33024
257
33026
259
260
261
262
263
264
33033
266
267
33036
269
33038
45
33040
33041
33042
33043
33044
33045
33046
33047
33048
33049
33050
33051
33052
33053
33054
33055
33056
33057
33058
33059
33060
33061
33062
33063
33064
33065
33066
33067
33076
33078
33079
33081
33083
30562
33091
33092
33093
33094
33095
33096
33097
33098
33101
33103
33107
33109
14196
45839
27367
33138
33139
33140
33141
377
380
33149
33150
33151
33153
33155
33157
393
394
399
400
405
33176
33177
33178
33179
33180
33181
421
42568
58935
33195
33197
33199
33201
434
27379
14842
438
439
440
442
443
444
33213
33214
447
448
33217
450
451
33220
10998
454
455
456
457
458
459
460
461
462
463
464
46934
482
483
484
485
486
487
488
489
490
491
492
493
494
495
496
497
498
499
501
33270
503
33272
506
60159
508
509
33278
33279
33281
33282
33283
33285
518
519
520
521
522
523
524
33293
526
527
33297
530
27395
533
33303
33304
33305
33307
33308
33309
27397
33312
33313
27399
33329
562
563
564
565
33334
567
33336
33337
570
571
572
573
574
575
577
578
60171
580
581
582
583
584
585
586
587
588
589
590
33359
33360
33361
594
596
597
598
599
601
602
603
605
606
607
608
609
33378
33379
33380
33381
33382
615
33384
617
33386
33387
620
621
622
623
624
33393
626
627
628
629
630
631
632
633
634
21951
33404
33405
638
639
640
641
642
643
644
645
648
649
650
651
652
653
654
655
656
657
671
33440
33441
33442
33446
33448
33449
33450
683
33452
685
686
687
33456
689
33458
691
692
693
33462
33463
33464
33465
33466
33467
33468
33470
33472
33474
33475
33476
33477
60193
21964
54733
33488
27427
60197
46943
33513
60199
33516
33517
33518
33519
33520
33522
33525
33526
33527
33528
33529
55673
33539
54742
48534
33549
33550
33551
33552
785
786
33555
788
33557
790
33559
33561
33563
33565
33569
45854
33571
33572
805
806
807
808
33577
33578
811
812
813
814
33583
33585
819
820
821
33590
33591
33592
825
826
33595
828
829
830
60213
45855
833
834
835
836
837
838
839
33608
841
33610
843
844
845
846
847
848
33618
33619
33620
27449
43835
46051
54759
27453
880
881
882
883
884
885
886
887
888
889
890
60223
892
893
894
895
896
897
898
899
900
901
902
33671
33672
33673
33681
27459
78785
33697
33699
33700
33702
33704
937
938
60231
33708
941
33710
944
945
33714
33715
33716
33717
950
952
33721
954
33723
33724
43850
33726
33727
33728
33729
33730
33731
33732
33733
33734
967
968
11084
970
971
972
973
974
975
976
977
33746
979
33748
33750
983
984
985
33754
60239
33756
989
990
991
992
33761
994
995
996
997
998
33767
33768
33769
33770
33772
33773
33774
33775
1010
33779
33780
33781
33782
33783
33784
33785
33786
33787
33788
33789
33790
33791
33792
33793
1026
33795
33796
33797
33798
33799
1032
33803
33804
33808
33809
33812
33813
33816
33818
33820
33822
33823
33824
33826
33828
33830
33832
14220
1067
33836
33838
1072
33842
1075
33844
33846
1079
33848
33850
33852
32949
33856
43873
1096
33867
1100
1102
1105
1106
52411
32953
1112
1113
1114
1115
1116
1117
1118
1119
1120
1121
1122
1123
33892
1125
1126
33895
33896
1129
1130
1131
33900
1133
33902
1135
1136
1137
1138
1139
1140
1141
1142
1143
1144
1145
1146
33915
1148
33917
33918
33919
33920
33921
1154
1155
33924
33925
33926
33927
33928
1161
33930
33931
1164
33933
33934
33935
33936
33937
1170
1171
33940
1173
33942
1175
33944
33945
1178
1179
33948
33949
33950
1183
33952
1185
33954
54811
33956
33957
1190
33959
33960
1193
33962
1195
33964
1197
33966
33967
33968
1201
1202
33971
33972
33973
33974
33975
33976
1210
1212
33981
1214
33983
1216
33985
1218
1220
1221
1223
1224
1225
1226
1227
1228
1229
1230
1231
1232
1236
60281
1240
1242
1244
1245
1246
1247
1248
46960
34018
60283
34020
34021
1254
1255
1256
43900
34026
34027
34028
1262
34031
34032
34033
1266
34035
34036
43902
34038
34039
1272
34041
1274
60287
1276
34045
34046
34047
34048
34049
34050
45870
1284
34053
34054
60289
34056
34057
34059
1292
34061
34062
1295
1296
34065
34066
34067
34068
34069
34070
34071
1304
1305
1306
34076
34077
34078
27525
34080
1315
1317
34086
1319
34088
34089
34091
42598
34094
34097
34099
34100
1333
1334
1335
34105
34108
60298
34110
34111
569
225
27532
1354
1355
34124
226
34126
60301
32995
34132
34133
60303
45873
60304
231
34156
60306
34158
34159
34160
33000
34162
34163
34164
34165
34166
34167
34168
1401
34170
1403
1404
34173
34174
34175
34176
34177
34178
235
34180
27542
33004
1419
1422
33005
60312
33006
27545
34201
34202
34203
34204
34205
34206
34207
34208
240
34210
27547
1445
1446
1447
33010
33011
33012
247
14234
248
14849
34260
249
34264
27610
34266
34267
34268
33018
34272
34274
251
34276
34278
34280
252
34282
34284
34286
253
34288
34290
34292
33022
34294
47182
33023
1537
34306
34307
1540
1541
33025
1547
1548
34317
1551
1552
1553
33027
1557
1558
34327
34328
33028
1563
1564
1565
33029
33030
34347
34348
34349
34350
34351
37151
34353
34354
34355
34356
34357
34358
34359
34360
34361
34362
34363
34364
34365
60341
33035
49420
49421
52428
49422
34390
60345
34393
34394
49423
34396
34397
49424
60347
49425
45882
34412
49426
34414
34416
19071
34418
34419
34420
34421
34422
34423
34424
34425
34426
34427
34428
34429
34430
34431
34432
34433
34434
34435
34436
49430
49431
49432
16665
49434
16667
34481
79785
34483
34485
34487
34489
22133
34496
27595
22134
22135
60365
54904
27598
22137
36455
60368
34533
27601
52433
34540
34541
34542
34543
34544
34545
34546
27603
34548
34549
34551
34552
27604
34554
34555
34556
34557
34558
34559
34560
45887
34562
60374
1798
1800
1802
1804
34575
1808
1809
1810
1811
1814
1815
1816
1817
1818
1819
1820
1821
34590
1823
1824
34593
1826
34595
1828
1829
1830
1831
1832
34601
34602
34603
34604
34606
34607
34609
34610
34611
34612
34614
34615
34616
34617
34618
34620
34621
1855
34624
34625
34626
34627
34628
34629
34630
34631
1153
34633
34634
34635
34636
34637
34638
34639
34640
34641
34642
1875
1876
1877
34646
34647
34648
34649
34650
34651
34652
34653
34654
34655
34656
34657
34658
34659
34660
1893
34662
34663
34664
34665
34666
34667
34668
34669
34670
34671
34672
34673
34674
34675
34676
34677
34678
34679
34680
34681
34682
34683
34684
34685
34686
34687
34688
34689
34690
34691
34692
34693
34694
34695
34696
41527
34698
34699
34700
34702
34703
34704
34706
34707
34708
34709
34710
34711
1944
1945
64202
34715
1948
1949
34718
34719
1952
34721
34722
34723
1956
1957
1958
34727
34728
34729
34730
1963
1964
34733
34734
34735
34736
1969
34738
34739
34740
1973
34742
34743
34744
1977
1978
34747
34748
34749
34750
34751
34752
34753
1986
1987
34756
34757
34758
34759
34760
1998
1999
34769
34770
34771
34772
34773
2006
34775
34776
34777
34778
44026
2018
2019
2020
2021
34792
2026
2027
2028
34797
2030
2031
2032
34802
2035
2036
2037
2038
14198
34808
2041
2042
2043
2044
2046
2047
2048
34817
2050
2053
2054
2055
2056
34825
2058
2059
34828
2062
45896
60680
34841
34842
34843
34844
34845
2078
34847
34848
34849
2082
34851
34852
34853
34854
34855
34856
34857
34858
34859
34860
34861
34862
34863
34864
34865
34866
34867
34868
34869
2103
2104
2108
2109
2117
33391
45898
43716
44046
44048
45899
28441
2161
2162
44052
2173
2174
2175
2178
2180
44054
2182
2183
2184
2185
2188
37581
43718
2193
2194
2195
2203
2204
2205
44062
11295
35006
44064
64391
43720
2254
44067
44068
2267
2268
46994
44069
2272
44070
2281
43721
44071
1167
2286
2287
2288
2289
2290
2291
2292
2293
2294
2295
2296
2297
2299
2301
2303
2305
35074
2307
2308
2309
2310
2311
2312
2317
2319
2321
35090
2327
2328
2329
2331
2332
2333
2341
2344
2345
2346
33903
2348
2349
2351
2352
2354
2355
2358
2360
2361
2363
2364
2366
2367
2368
2369
2371
43724
2373
2374
2375
2376
33904
35150
2389
2390
2392
2393
2395
2396
2397
2398
2399
2400
2401
2403
2404
2406
2410
2420
43726
2436
2444
2445
2446
2454
2455
2456
2463
2464
2465
2466
2476
2477
2478
2486
2487
2488
43728
1174
2495
2505
2506
2507
2508
2509
2510
44109
2512
2513
2514
2515
2516
2517
61187
44111
2524
2525
2529
2530
2531
2533
2534
2537
2538
2539
2545
2546
2547
19725
2549
2550
2551
34157
2553
2559
2563
2567
2571
2575
2589
11355
2603
2604
2605
11357
2613
11359
2621
2629
2637
43733
2647
2655
35434
33406
2679
33215
44138
11371
33965
61193
33218
44141
33219
452
453
44145
61194
33223
2735
2736
2737
11379
2740
2741
33225
33226
2750
11381
2752
2755
2757
2759
2761
2763
33229
33230
2774
2775
2776
2777
2778
2779
2780
47011
2782
2783
2784
2785
44155
2792
60105
2796
2798
2799
2801
2803
2804
2805
2806
2807
2808
2810
2811
2813
2814
2815
2816
2817
35586
2819
2822
11393
2824
2825
2826
2827
2828
2829
2830
2833
2834
11395
11396
44167
2863
2865
2867
2868
2869
2870
2871
2872
2873
2875
2876
2881
35656
2889
35658
35659
35660
35661
35662
2897
2905
35680
2913
35682
35683
35685
33922
44177
2921
35690
44178
35695
2929
35700
2937
61201
2945
2948
2953
76951
44184
76953
2969
76954
2977
40471
2985
76957
2993
3373
2998
11011
3001
35770
35771
35772
35774
3009
35779
3017
33271
35788
35789
35790
35791
3025
35794
35795
35796
35797
3033
3039
3041
3049
45929
35825
35826
35827
35832
35833
35834
35835
35836
35840
35841
3074
44203
3077
3078
3079
3080
3081
3082
3084
3085
3086
3087
3088
3089
3090
3092
3093
3094
3095
3096
3097
3098
3100
3101
3102
3103
3104
3105
3106
3108
35877
3110
11441
3112
3113
3114
33287
3116
3117
35886
3119
3120
3121
3122
35891
3124
3125
3126
3127
3128
3129
3130
35899
3132
3133
3134
3135
3136
3137
3138
33291
3140
3141
3142
3143
3144
3145
3146
44215
3148
3149
3150
3151
3152
35921
35922
35923
3156
35925
3158
3159
3160
3161
3162
33295
3164
3165
3166
3167
3168
3169
3170
11451
35940
35941
3174
35943
3176
35945
3178
35947
3180
3181
3182
3183
3184
3185
3186
33299
3188
3189
3190
35959
3192
3193
3194
3195
3196
35965
3198
3199
3200
3201
3202
3203
3204
3205
3206
3207
3208
3209
3210
3211
3212
3213
3214
3215
3216
3217
3218
3220
3221
3222
3223
3224
3225
3226
3227
3228
3229
3230
3231
3232
3233
3234
3235
3236
3237
3238
3239
3240
3241
3242
3243
3244
3246
3247
3248
3249
3250
3251
3252
3253
3254
3255
3256
3257
3258
33311
3262
3263
3264
3265
3266
3267
3268
3269
3270
3271
3272
3273
3274
3275
3276
3277
3278
3279
3280
3281
3282
3283
3284
3285
3287
3288
3289
3290
3291
3292
3293
3296
3297
3299
3300
3301
3302
3303
3304
3305
3306
3307
3308
3309
3310
3311
3312
3315
3316
3317
3318
3319
3320
3321
3322
3323
3324
3325
3326
3327
3328
3329
3330
3331
3332
3333
3334
3335
3336
3337
3338
3339
3340
3341
3342
3343
3344
3345
3346
3347
3348
3349
3350
3351
3352
3354
3355
3356
3357
3358
3359
3361
43757
561
3368
33330
3380
44254
33332
3386
3387
3388
3389
3392
3393
3394
3395
3396
566
3398
44257
3400
3402
3403
3405
3406
3408
568
3410
3411
3412
3413
3414
3415
3416
3417
3418
3419
3420
3421
3422
3423
3424
3425
3426
3427
3428
3429
3430
3431
3432
3433
3434
3435
3436
3437
3438
3439
3440
3441
3442
3443
3444
3446
3447
3449
3450
3451
3452
3453
3454
3455
3456
3465
3466
3467
3469
3470
3471
3474
3475
3476
3477
3478
3479
3481
3482
3488
3496
3504
3512
3514
1208
3516
36287
3520
36289
36290
36291
36292
36293
36294
36295
3528
3529
3530
36299
3532
36301
3534
3536
36305
3538
3539
3540
36309
3542
27897
3544
36313
3546
591
36316
3550
3551
3552
592
3554
36323
36325
593
3561
3563
3565
36334
3567
3568
36337
36338
3571
36340
36341
36342
3575
3576
36345
3578
36347
36348
3581
36352
60672
3586
3587
3588
36357
36358
36359
36361
36362
36363
3596
3597
3598
36367
36368
36369
3606
3607
3608
36377
36378
41583
36380
36381
36382
36383
3616
3617
36386
36387
36388
36389
36390
36391
36392
36393
36394
60679
36396
36397
36398
36399
36400
36401
36402
36403
36404
36405
36406
36407
36408
36411
3645
3647
3651
3653
33377
36424
36425
36426
36427
36428
36429
36430
3663
35038
3665
36434
36435
36436
36437
36438
36441
36443
36444
36445
36446
36447
36448
36449
36450
3683
3685
36454
3687
36456
3689
36458
3691
27401
3693
3695
3697
3699
3703
3705
3707
3709
3711
36480
36481
36482
3715
36484
3717
36486
36487
36488
36489
36490
36491
3725
36494
3727
36496
36497
36498
3731
36500
36501
36502
36503
36504
36505
36506
36507
36508
36509
36510
36511
36512
36513
36514
36515
36516
625
36522
3756
33394
3764
3765
3766
3767
3771
47044
3773
3775
3777
3779
33399
33400
33401
3806
78688
3810
33403
3812
3814
3818
3820
3822
3824
3826
3828
3829
3830
3831
49791
3839
3840
3841
13222
36633
36634
36635
36636
36637
36638
36639
36640
36641
36642
36643
36754
36645
36646
36647
36648
36649
36650
36651
36652
36653
36654
3887
3888
36657
36658
36659
36660
3893
3894
3895
36664
3897
3898
36667
36668
3901
36670
36671
36672
36673
36674
36675
36676
3909
36678
49804
3915
13224
77114
3937
3938
3939
3941
36710
3943
36712
36713
36714
3947
3948
3949
36718
36719
47050
3953
36722
3955
36724
36725
3958
36727
36728
36729
3962
36731
36732
36733
36734
36735
36736
36737
36738
36739
36740
36741
36742
36743
36744
3977
3978
3979
36748
3981
3982
3983
36752
36753
3986
36755
3988
3989
36758
49817
36760
3993
3994
3995
36764
3997
36766
3999
46121
4001
4002
36771
4004
36773
36774
36775
4008
4009
36778
36779
36780
36781
36782
36783
36784
36785
4018
4019
4020
4021
4022
36791
36792
4025
36794
4027
4028
36797
36798
36799
36800
672
36802
4035
4036
4037
4038
4039
36808
36809
4042
4043
36812
36813
4046
36815
4048
36817
4050
4051
4052
36821
4054
36823
36824
4057
4058
36827
4060
4061
4062
36831
4064
4065
4066
4067
4068
4069
36838
4071
36840
41385
36842
4075
36844
3409
4085
36854
4097
4098
4101
4102
4103
684
4106
4110
33453
4112
4113
4114
4115
4116
33454
4118
4119
4120
4121
4122
4123
4124
4125
4126
4127
4128
4129
4130
4132
55302
36902
4135
4136
4137
4138
55303
36908
4141
4142
36911
36912
36913
36914
4147
36916
4149
14059
4151
4152
4153
4154
4155
4156
4157
4158
4159
4161
4163
4164
4165
4166
4167
4168
4169
4170
4171
4172
4173
4174
22541
4176
4177
4178
4179
4180
55310
4182
4183
4184
36953
36954
36955
36956
36957
36958
4191
4192
55312
4194
4195
4196
4197
4198
55313
4200
4201
4202
4203
36972
55314
4206
4207
4208
4209
36978
4212
4213
4215
4216
22548
4218
4219
4220
4221
21963
4223
4224
4225
4226
4227
4228
4229
4230
4231
4232
4233
4234
4235
4236
4237
4238
77165
4240
22552
4242
4243
4244
77166
4246
4247
4248
4250
11631
4252
4254
37023
4256
11632
4258
4260
37029
37030
37032
37034
11634
37041
37043
37044
37045
37047
37048
55327
37055
79618
37057
4292
4294
4296
37066
4299
4302
11640
4306
4307
4308
4309
4310
4311
4312
4313
4314
4315
4316
11642
37087
31757
22567
22568
22569
4345
4346
4347
4348
55338
55339
4358
55340
4363
4365
4366
37135
4368
57422
37146
37147
37148
37149
37150
4383
37152
35062
37154
37155
37156
37157
37158
4391
37160
4393
4394
4395
37164
22578
37166
4399
37168
4401
37170
4403
37172
4405
37174
37175
4409
37178
4411
37180
37181
37183
4435
37216
37217
37218
37219
37220
37221
37222
37223
37228
37229
37230
37231
37232
37233
37234
37235
4471
4477
37248
37250
7787
37254
37256
37257
37258
37259
37260
53615
37268
37272
37274
45857
37288
37289
37290
37291
37292
37293
37294
37295
37296
4529
37298
37299
37300
4533
37302
37303
37304
37305
37306
37307
37309
37310
47070
37330
37332
37334
4569
37338
4573
37343
37346
37376
4609
37378
37380
4613
37382
37384
37390
37392
37394
37396
49925
37410
37413
37417
37419
37421
37423
37431
37435
37437
29616
37450
37451
37452
37453
37454
37455
37456
37457
37458
37459
37460
17167
49936
45984
37479
37480
37481
37482
37483
37484
37485
37486
37487
37488
37490
37491
37492
37493
37494
37495
37496
37497
37498
37499
37500
37501
37502
37503
37504
45985
37506
37507
37508
37509
37510
37511
37512
37513
37514
37515
37516
37517
37518
37519
37520
37521
37522
37523
37524
37525
37526
37527
37528
37529
37532
54715
37534
37538
37541
43804
37543
37544
37545
37546
37547
37548
37549
37550
37552
37553
37554
4787
37556
37557
37559
37560
37561
37562
37564
37565
37566
37567
37568
37569
37570
37573
37574
37575
37576
37578
37579
37580
17186
37582
37583
37584
37585
37586
803
37588
37592
804
37594
45988
37599
37600
4833
37603
37604
37605
37606
37607
37608
37610
37611
37612
37613
37615
17192
20327
37621
37622
809
37624
37625
37626
37627
37628
37629
37630
37631
33579
4871
26001
33581
11737
45991
33589
33989
49974
73270
13258
824
17210
4959
41628
17211
17212
49981
831
17216
52424
17217
17218
17219
37796
37797
37798
37799
688
17223
37805
37808
17224
37810
37815
37816
37817
37818
5051
37820
842
37822
37823
37824
37825
37833
37834
45996
37836
37843
37844
37846
37847
37848
37849
37850
17231
37852
37853
37855
37856
37857
37858
5091
5093
13263
37863
37864
37865
37866
37867
37868
17234
46756
37874
17235
37877
37878
37879
37880
37881
37882
37883
37884
37885
56909
37887
37888
37889
37892
37893
37894
37895
37896
5137
5141
15447
17243
5175
5177
5179
5181
27451
37965
37966
37967
47171
14358
5215
5217
5219
5221
1265
5233
60947
5239
5245
17259
70798
50029
50030
879
5279
5281
5282
50034
31819
5299
70836
5301
70838
70839
70840
70841
70842
70843
70844
70845
70846
70847
70848
70849
70850
70851
70852
70853
70854
5319
5320
5321
5322
17271
50040
690
5339
5340
5342
43823
891
40684
31821
5361
5363
5365
179
5399
5403
5405
14759
17287
55518
36663
5439
5443
5445
17298
55528
17299
5493
22761
60195
25279
50069
17302
17303
55533
22766
5533
41063
52559
33221
22778
56925
5599
55547
46014
936
22782
33705
52774
22783
33706
5631
33707
46015
940
14222
5647
5649
56927
33712
46016
946
77405
5683
5693
949
5697
46017
33718
256
17335
33720
5719
5721
5723
33722
54747
46018
955
956
4033
5743
5745
5747
64568
5755
5757
46019
5759
11883
55574
77420
22807
77421
55576
14377
22809
47111
13286
59832
33735
33736
77427
969
46021
33738
33739
1285
5839
14379
33742
5849
33743
2377
55589
33744
1286
33745
5865
5867
5869
48205
5871
78818
50131
62390
17364
50133
38660
33751
48206
14381
33752
48485
46024
79616
986
987
988
48207
5933
46025
33758
14224
5945
33760
5955
56937
36483
14383
37297
5971
5973
5975
34024
41662
36364
999
6001
6003
52574
6005
1002
22852
33778
6073
60215
17661
42757
59834
41666
52578
6131
6135
55637
33794
6159
6160
32939
6173
6176
55643
52580
43851
71723
71724
71725
71726
71727
71728
33800
71730
34745
71732
71733
71734
55647
59180
22881
71755
22883
55855
20939
52582
20991
22887
57183
22889
25333
55659
28353
17667
34034
25305
40581
17433
6296
55663
52742
61127
55667
6325
33224
44947
55669
64588
20943
22905
40632
55675
55677
22911
33834
55681
55683
52853
33840
6437
6441
55687
1074
14882
52589
1076
28383
17673
16220
22923
64592
22925
6485
28389
22929
32951
6527
64594
14228
46307
40590
48228
14403
6569
11130
24703
22573
48229
1099
55713
28407
22947
14405
55717
78823
2008
6631
6633
6635
6637
61182
55721
40593
28415
1109
61184
12753
28417
61186
46142
6671
6673
6675
6677
40594
28420
61189
61190
28423
61192
40595
28425
6715
6717
6719
6721
72258
33890
61197
33891
61198
1124
28431
61200
6757
6759
6761
36384
6763
61202
40597
1128
61203
28436
2009
33898
28437
33899
61206
59865
1132
28439
28440
14411
1134
6807
6809
6811
28442
39584
39585
28443
34052
61212
22983
40599
55753
22987
61217
40600
6859
6861
14413
6863
6865
46091
14714
1147
22993
1149
55763
1150
1151
34055
1152
40602
6919
6921
14415
6923
6925
61229
33923
1156
1157
1158
1159
6959
6961
6963
6965
33929
1162
1163
14417
33932
1165
1166
6999
7001
7003
7005
59840
1168
1169
72552
72553
72554
72555
72556
33938
18783
33939
1172
33941
14419
7043
7045
7047
7049
33943
1176
1177
15511
33946
33947
12238
7083
7085
7087
7089
1182
33951
33953
77707
1186
7123
7125
7127
7131
33958
1192
33961
7167
7169
33963
7173
1196
239
23043
1198
53705
33969
33970
44893
55816
55817
1204
7247
7249
7251
7253
20973
72811
72812
55826
55827
47161
7287
7289
7291
7293
23062
25339
59842
47185
33988
7327
7329
7331
7333
44913
72872
47163
7367
72904
7369
7371
7373
47164
72913
33001
7407
7409
12754
7411
7413
36711
12250
7447
7449
7451
34073
7453
28549
40620
55857
47167
34074
7487
7489
7491
7493
34017
77708
34019
14435
34022
47169
34023
7535
7537
7539
40308
7541
40310
34025
40319
40320
40321
40322
40325
40326
40328
40330
40331
40332
40333
40334
40335
40336
40337
40338
40340
40345
40346
7579
40348
40349
40350
7583
7585
40354
40355
40356
40357
40358
40359
40360
40361
40362
40363
40364
40365
60265
34037
47172
7619
7621
7623
7625
17655
34040
46841
34042
47173
1275
77725
7663
7665
7667
7669
47174
77738
12203
40456
73225
40458
73227
40460
1282
40462
12205
40464
34051
40468
40469
40470
7703
40472
40473
40474
7707
40476
7709
40478
40479
73248
73249
40482
73251
40484
40485
40486
40487
40488
40489
40490
40491
40492
40493
40495
40496
40497
40498
40499
40500
40501
40502
40503
40504
40505
40506
40507
40508
40509
40510
7743
7745
40514
7747
7749
40519
40520
34083
258
40523
40524
40525
40526
40527
1294
47177
17679
34064
40548
40549
7783
40552
40553
40554
40555
40556
40557
40558
40559
40560
40561
40562
40563
40564
40565
40566
40567
40568
40569
40570
40571
40572
40573
40579
40580
1302
40582
12225
40584
40585
40586
40587
40588
40589
73366
40591
40592
34072
47179
7827
40596
7829
40598
7831
73368
7833
73370
40603
73372
73373
40606
40607
40608
40609
40610
40611
40612
40613
40614
40615
40616
40617
40618
40619
73367
40621
40622
40623
40624
40625
40626
46089
73397
73398
40631
73400
40633
73402
73403
73404
73408
40634
73423
40656
73425
73426
40659
40660
40661
40662
40663
40664
40665
40666
40667
73436
73437
40670
40672
40673
40674
55931
36803
1318
12241
73369
55932
73451
73452
73453
73454
73455
73456
73457
40690
73459
73460
73461
73462
73463
40696
40697
73466
40699
73468
40701
73474
40714
40715
40716
40717
40718
40719
40730
40731
40732
40733
40734
40736
40737
40740
40741
40743
40750
45021
40752
40753
40754
40755
40756
40757
40758
40762
40764
7997
8001
40770
40771
40772
40773
40774
8007
45026
45027
8023
8025
8027
33002
6805
8089
8091
8101
8103
8105
1351
8113
8115
8117
1353
57009
34122
8133
8135
57010
8175
8177
840
8225
73787
73789
73790
73792
73793
73794
73795
73796
41030
41031
41032
41033
41034
33009
41036
41038
41040
41043
41044
41045
41046
41047
41048
41049
41050
41051
41052
41053
41054
41055
41056
41057
41058
41059
41061
41062
8295
41064
8297
41066
41067
73838
73839
73840
73841
41076
41077
41078
41079
41080
41081
41082
41083
41085
41086
34102
41092
41093
36717
41099
41100
73869
73870
8335
73872
8337
73874
73875
73876
73877
73878
73879
73880
41114
41115
41116
41117
41118
41119
41126
41127
41128
41129
41130
41132
41138
41139
41140
41141
41142
41143
73912
41150
41151
41152
41153
41154
41155
24284
41157
41158
41159
41160
41161
41168
3553
41174
41175
41176
41177
41178
41180
41181
41182
41183
41184
8419
41191
41192
41193
41194
8427
41196
41197
41198
41199
41200
8433
41202
41203
41204
41205
41206
41207
41208
28207
41210
41211
41212
41213
41214
41215
41216
41217
41218
41219
41220
41221
41223
41224
41225
41226
41227
41230
3555
74001
17795
41236
41237
41238
41239
41240
41241
41242
41244
34181
41249
41250
41251
41252
41253
41254
41255
41256
41257
41258
41263
41264
41265
41266
41267
41268
41269
41270
41271
41272
41273
41274
41275
41276
41277
8517
41286
41287
8521
41290
41291
41294
41295
8529
41298
41299
41302
8535
41304
8537
41306
41307
41308
41309
41310
41311
41312
41313
41314
41316
41318
41320
41322
41324
41326
41328
41330
41332
41334
33227
41336
55933
8579
74116
74117
8583
8585
41355
41361
41363
41365
41367
41369
41371
74141
74143
74144
74145
74146
74147
74148
74149
74150
74151
74152
74153
74154
74155
74156
74157
74158
41391
74160
41393
41394
8635
41404
41405
41406
8639
41408
8641
41410
41411
41412
41413
41414
41415
41417
41419
41420
41421
59851
34211
41438
41439
41440
41441
41442
41443
41444
41445
41446
41447
41449
41450
41452
41456
41457
41458
41459
41460
41461
41462
41463
41464
41465
41466
41467
41468
41469
41470
41471
41472
41473
41474
41475
41476
41477
41478
41479
41480
41481
41482
41483
41484
41485
41486
41487
41488
41489
41490
41491
41492
41493
41494
41495
41498
41499
41500
41501
41502
41503
41504
41505
41506
41507
41508
41509
41510
41511
41512
41514
41515
41516
41517
41518
41519
41520
41521
41522
41523
41524
41525
41526
8759
41528
41529
41530
41531
41532
41533
41534
27570
41537
36720
8785
8787
8789
13202
3566
36300
41565
41566
59214
41575
41576
41579
41580
41582
8815
41584
8817
41586
8819
8821
41590
41591
41592
41593
41594
41595
41596
41597
41598
41599
41600
41601
13236
41607
41608
41609
74386
74387
60307
8863
41632
8865
8867
8869
41639
73401
41644
74426
74427
74428
74429
74430
74431
74432
74433
74434
41667
41668
8903
8905
8907
8909
41680
41681
41682
41683
36304
41685
41686
41687
36721
33031
33032
23846
28803
59220
74521
74522
74523
74524
74525
74526
74527
74528
74529
74530
74531
74532
74533
74534
74535
74536
14982
34269
33034
28815
9071
9073
9091
9093
44006
33037
14488
3577
36311
9127
9129
9131
9133
9135
9137
9139
9141
45015
33231
33039
43523
9207
9209
9211
9213
24312
1539
34308
36315
34309
9249
9251
9253
17767
9287
9289
9291
9293
1549
43925
33232
9327
9329
9331
9333
1559
42124
72557
36319
9367
9369
9371
42145
42146
42147
42148
42149
42150
42151
42152
42153
42154
42155
42156
42157
42158
42159
42160
42161
42162
42163
42164
42165
42166
42167
42168
42169
42170
42171
42172
42173
42174
42175
42176
42177
42178
9411
42180
42181
42182
9415
42184
9417
42186
42187
42188
42189
42190
42191
42192
42193
42194
42195
42196
42197
42198
1405
42200
42201
42202
42203
42204
42205
42206
42207
42208
42209
42210
42211
42212
42213
42214
42215
9451
9453
9455
9457
42226
42229
42230
42231
42241
42242
42243
42244
42245
42246
61655
9491
9493
9495
9497
59202
46144
9521
9556
9568
46146
9580
9582
40691
46147
9608
43927
40692
9622
9632
79716
9646
56223
9660
9668
9670
9678
9680
9702
9706
59858
40695
55930
46151
9728
75265
75266
75267
75268
75269
75270
75271
75272
75273
75275
75276
75277
75278
75279
9744
75281
75282
75283
75284
75285
75286
75287
75288
75289
42522
42526
42527
42528
42529
42530
9772
42543
42544
42545
42546
42547
42548
42549
42550
42551
9784
42553
42554
42555
42556
42557
9790
42559
42560
42561
42562
42563
42564
42565
42566
42567
9800
42569
42570
57065
42572
42573
42574
9808
42577
42578
42579
42580
42581
42582
42583
42584
42585
42586
42587
42588
42589
42590
42591
42592
42593
9826
42595
9828
42597
49428
42599
9832
9834
9836
9838
9840
9842
9844
9846
42615
9848
42617
9850
42619
9852
42621
42622
42623
42624
42625
49429
42644
42645
21790
42647
42648
42649
42651
42652
42653
42183
34417
9899
42671
42672
42673
42674
42675
42676
18879
42678
42679
42680
42681
42682
42685
22543
42694
42695
42696
42698
42699
42700
42701
42702
42703
42704
42705
42706
42707
42708
9941
9942
9943
9944
9945
9947
42717
9950
42721
42722
42723
9956
9957
42726
42729
42730
45011
23506
42734
36339
42736
42738
56275
42740
42741
42743
42744
42746
42747
42748
42749
42750
42751
42752
42753
42754
42755
42756
56278
42758
42759
42760
42761
42762
56279
42764
42765
42766
42767
42768
42769
42770
42771
42772
42773
42774
42775
42776
42777
42778
42779
42780
42781
42782
42783
42784
42785
42786
42787
42788
42789
42790
42791
42792
42793
42794
42795
42796
42797
42798
42799
42800
33455
10039
10040
57073
27613
42829
42830
42831
42832
42833
42834
42835
42836
42837
42838
42839
42840
23524
56293
23526
36343
34161
42874
42875
7705
42877
42878
42879
42880
42881
42882
42883
42884
36344
42886
42887
42888
42889
42890
56301
4367
42905
42906
42907
42908
42909
10151
10152
10155
10156
10164
10165
10166
10188
10190
14524
34329
10204
10208
10209
10212
10213
45895
10216
10217
10221
10222
10225
10226
10228
10244
10246
10247
10250
7171
36730
14527
59862
52718
33457
34169
24349
3618
1436
75899
75906
75907
75908
75909
75910
75911
47642
34171
36354
33894
34172
19988
36355
36356
4199
14534
29059
18901
10629
10630
10631
33459
34179
29080
4217
45025
76203
76204
76207
76208
76209
76210
76211
76212
10678
10679
10680
10688
52730
10690
10692
10694
59210
34553
46553
43482
43483
43485
43486
43487
43488
29094
43496
43497
43498
29095
43500
43501
43502
43503
61864
43508
43510
61865
43512
76281
76282
43515
43516
76285
76286
76287
76288
76289
76290
29099
76292
76293
76294
29100
43530
43531
43532
29101
29102
43544
43545
43546
61871
43548
43551
43552
29104
43554
43555
43556
29105
14544
29106
29107
29108
29109
33228
61878
10836
76373
76374
76375
10840
10841
10842
10850
45499
10858
12733
10868
43640
45503
10876
10880
10884
10888
43658
43660
43661
43662
43664
43666
43667
43668
43669
43670
43671
43672
43673
43674
43675
43676
43678
43679
43681
43682
43683
43684
43685
43686
43687
43688
43689
43690
45511
43692
43693
43694
43695
43696
43697
43698
43699
43700
43701
43702
43703
43704
43707
43709
43712
43714
76484
76485
76486
76487
76488
76489
76490
76491
76492
76493
76494
76495
76496
43729
60377
1827
43732
45900
43734
45519
45520
43749
43750
43751
43752
43753
43754
43755
43756
45522
43758
43759
43760
43761
43762
45523
43764
43765
43766
1833
43768
43769
43770
43771
43772
43773
43774
43775
43776
43777
43778
43779
43780
43781
43782
43783
43784
43785
43786
43787
43788
43789
43790
43791
43792
43793
43794
43795
43796
43797
43798
43799
43800
43801
43802
43803
14552
43805
43806
43807
43808
43809
43810
43811
43812
43813
43814
43815
43816
43817
43818
43819
43820
43821
43822
12765
43824
43825
43826
43827
43828
43829
43830
43831
43832
43833
43834
12767
43836
43837
43838
43839
43840
43841
43842
43843
43844
43845
43846
43847
43848
43849
11082
11083
43852
43853
43854
43855
43856
43857
43858
43859
43860
43861
43862
43863
43864
43865
43866
43867
43868
43869
43870
43871
43872
11105
43874
43875
43876
43877
43878
43879
43880
43881
43882
43883
43884
43885
43886
43887
43888
45544
43890
43891
43892
43893
43894
12777
43896
11129
43898
34623
11132
11133
11134
11135
43904
43906
12779
43908
44016
43910
43911
45548
43919
43920
43921
48381
45550
43926
47290
43928
43929
43930
43931
43932
43933
43935
36379
45552
11172
11174
12785
11176
11178
45554
11182
11184
48382
11186
12787
11188
11190
11192
45556
11194
11196
11198
78325
11200
11202
45558
11207
45559
11215
11217
11218
11219
45561
11225
11227
11228
11229
72869
44002
11235
44004
11237
11238
11239
44008
44010
15650
44012
11245
44014
11247
11248
11249
44018
34643
44020
44022
11255
44024
11257
11258
11259
44028
44030
34645
44032
11265
44034
11267
11268
11269
44038
45569
44040
44042
44044
11277
11278
11279
11280
44050
11283
11284
11285
11286
11287
11288
11289
11290
44060
11293
11294
12805
11296
11297
11298
11299
11300
11301
11302
11303
44072
11305
11306
45575
44076
11309
44078
11311
44080
44082
44084
11317
44086
11319
44088
44090
44092
11325
44094
11327
44096
44101
44102
44103
11341
44110
11343
44112
44113
44114
11349
52752
11351
44120
44121
44122
44123
44124
44125
11358
44127
11360
45584
11365
44134
44135
44136
44137
11370
44139
44140
45586
44142
44143
44144
11377
44146
44147
44148
44149
44150
44151
44152
44153
44154
11387
44156
44157
44158
44159
44160
44161
44162
44163
44164
44165
44166
11399
11400
44169
44170
44171
44172
44173
44174
44175
44176
45592
52754
44179
44180
44181
44182
44183
76952
44185
44186
76955
76956
45594
76958
15656
76963
76964
44200
11433
72903
44204
44205
44206
44207
44208
44209
11442
11443
11444
44213
11446
11447
11448
11449
11450
44219
44220
11453
11454
11455
11457
11458
11459
11460
11461
11462
11463
11464
11465
11466
11467
1822
23757
11475
11476
11478
11481
11482
11483
11484
11485
11486
11487
11488
11489
44258
44259
44260
44261
44262
44263
44264
44265
44266
44267
44268
44269
44270
44271
44272
44280
77055
31134
11529
11530
11531
11532
11533
11534
11535
11536
11537
11538
11539
11540
11541
11542
11543
11544
11545
11547
11548
11549
11550
11551
11552
11553
11554
11555
11556
11557
11558
11561
11562
11563
11564
11566
11567
11569
11572
11574
34697
11577
11578
11579
77118
11584
11585
11588
15662
54943
11613
11614
11616
11617
11619
11620
11621
77164
11629
11630
77167
77168
77169
77170
77171
77172
77173
77174
77175
77176
77177
77178
54944
11644
11646
11648
29248
52762
62017
34712
53854
34714
62021
11688
11689
11690
11691
11692
11693
11694
11695
45640
45641
1951
14974
34720
11724
11725
1955
11732
11733
11734
11735
11736
34724
11738
11739
11740
11741
44036
34725
77281
11746
77283
77284
34726
77288
62034
62037
34731
34732
11798
11304
11803
1968
34737
62046
34741
11855
11857
11859
77398
77399
77400
77401
77403
77404
34746
11870
11872
11873
11876
11877
11878
11879
11880
11881
77418
77419
11884
11885
11886
11887
11889
11890
11891
56597
34754
34755
56602
11938
11940
11942
11944
23836
52772
11957
11959
11961
11963
11965
11969
11971
11978
56610
11985
11987
77524
11989
11993
11995
14584
11999
12003
12004
12005
2001
12011
12013
12015
12017
12019
12021
12023
56618
12032
12034
34774
12038
12041
12042
2007
12044
12049
12052
12053
12054
12055
12056
12057
12058
12066
12067
12068
12076
12084
12092
12093
12095
12096
12098
12102
12108
12109
12110
14588
44887
44888
44889
44890
44891
44892
56634
44894
44895
44896
44897
44898
44899
44900
44901
44902
44903
44904
44905
44906
44907
44908
44909
44910
44911
44912
2024
44914
44915
44916
44917
44918
44919
44921
44922
44923
44924
44925
44926
44927
44928
44929
44930
44931
44932
44933
44934
44935
44936
44937
44938
44939
44940
44941
44942
44943
44944
44945
44946
12179
44948
44949
44950
44951
12189
77726
52780
12195
12196
12198
12199
12200
12201
12202
77739
12204
2034
12206
12207
12208
12209
12210
12211
12212
12213
12214
12215
37505
12217
12218
12219
12220
12221
12223
44992
44993
12226
44995
44996
12235
12236
12237
14592
12239
45009
45010
12243
45012
45013
45014
34809
45018
45019
45020
34810
45022
45023
45024
12257
12258
12259
12261
12262
12263
12265
12266
12267
12269
12270
12271
12274
12275
34814
20049
42199
45060
45061
45062
12297
12300
12301
12302
12304
12305
77867
77868
77869
77872
77873
77874
44056
2057
12344
12345
12346
77886
77887
12354
12355
12356
2060
12365
12366
12367
44058
77946
77947
77948
77949
77957
77958
77959
77960
77961
77962
77963
77964
45762
12995
2073
12441
12442
13000
40307
34846
13001
12478
40309
45771
12484
12485
12486
12487
34850
12528
12529
12530
12531
12532
12533
12534
12535
12536
12537
12538
12539
12540
12541
12542
12543
12544
12545
12546
12547
12548
12549
12550
12551
32957
12557
12559
12563
12565
48429
12608
56715
12612
12614
12618
12620
12625
12631
12633
23953
28791
45803
78576
40347
12709
12710
45480
45481
45482
45483
45484
45485
7581
45490
45491
45492
45493
45494
45495
45496
12729
45498
12731
45500
45501
45502
12735
45504
45505
45506
45507
45508
45509
45510
12743
45512
12745
45514
12747
45516
45518
78287
78288
78289
78290
78291
78292
78293
78294
78295
36432
12761
45530
78300
78301
78302
78303
45537
78306
78307
45540
12773
45542
78311
78312
78313
78314
78315
78316
78317
78318
78319
78320
78321
78322
78323
78324
12789
78326
78327
78328
78329
45562
45563
45564
78333
45566
45567
45568
12801
45570
12803
45572
45573
45574
12807
45576
45577
45578
45579
45580
45581
12814
12816
45585
12818
45587
45588
45589
45590
45591
12824
45593
12826
45595
12828
45597
78366
78367
45600
78369
45602
45603
12836
45605
45606
45607
45608
45609
45610
45611
45612
45613
45614
45615
45616
45617
45618
45619
45620
45621
45622
45623
45624
45625
45626
45627
45628
45629
45630
45631
45632
45633
45635
78405
78406
78407
78408
78409
78410
78411
78412
45645
78414
45647
58788
44074
45652
45653
45654
45655
45656
45657
45658
45659
45660
45661
45662
45663
45664
45665
45666
45667
45668
45677
45678
45679
45851
45734
45735
45736
45737
45738
45739
45740
45741
45742
45743
45744
45745
45746
45748
45749
45750
45751
45752
45753
45754
45755
45756
45757
45758
45759
45760
78624
12994
45763
45764
45765
45766
45767
45768
45769
45770
13003
45772
45773
45774
45775
45776
45777
45778
45779
45780
45781
45782
45783
45784
45785
45786
45787
45788
45789
45790
45791
45792
45793
45794
45795
45796
45797
45798
45799
45800
45801
45802
45863
45804
45805
45806
45807
45808
45809
45810
45811
45812
45813
45814
78633
45816
45817
45818
45819
45820
45866
45822
45823
45824
45825
45826
45827
45828
45829
45830
45831
45832
45833
45834
45835
45836
45837
45838
45869
45840
45841
45842
45843
45844
45845
45846
45847
45848
45849
45850
45871
45852
45853
78622
78623
45856
45872
45858
45859
45860
45861
45862
78631
45864
45865
78634
45867
78636
78637
78638
78639
78640
78641
45874
45875
45876
45877
45878
45879
45880
45881
78650
45883
78652
78653
45886
13119
78656
45889
45890
78659
45892
78661
45894
78663
78664
78665
78666
78667
78668
78669
78670
45903
45904
45905
45906
45907
78676
45909
45910
78649
45912
45913
45914
45915
45916
45917
45918
45919
45920
45921
45922
45923
45924
45925
45926
45927
45928
45884
45930
45931
45932
45933
13166
45885
45936
45937
45938
45939
45940
45941
45942
45943
45944
45945
45946
78655
45948
45949
45950
45951
45952
45888
45954
45955
45956
45957
45958
78657
45960
45961
45962
45963
45964
45965
45966
45967
45968
45969
45970
45891
45972
45973
45974
45975
45976
13209
45978
45979
45980
45981
45982
45893
13216
13217
13218
13219
13220
13221
45990
13223
45992
13225
13226
13227
13228
13229
45998
45999
46000
13233
46002
13235
46004
46005
46006
45897
78776
13241
13242
13243
13244
13245
13246
13247
13248
13249
13250
78787
13252
13253
46022
13255
13256
13257
46026
13259
13260
13261
13262
45901
13265
13267
45902
46038
46039
46040
46041
46042
46043
46044
46045
13278
13279
78816
78817
46050
78819
13284
13285
78822
13287
30994
45908
57182
15146
13320
13321
46090
45911
46092
46093
46094
46095
46096
46097
46098
46099
46100
46101
46102
46103
46104
46105
46106
46107
46108
46109
46110
46111
46112
46113
46114
46115
46116
46117
78886
78887
46120
78889
46122
46123
46124
46125
46126
46127
46128
46129
46130
46131
46132
46133
46134
46135
46136
46137
78906
46139
46140
46141
78910
78911
78912
78913
78914
78915
78916
78917
78918
78919
46152
46153
46154
78923
46156
46157
46158
46159
46160
46161
46162
46163
46164
46165
46166
46167
46168
46169
46170
46171
46172
46173
46174
46175
46176
46177
46178
46179
46180
46181
46182
56849
46184
46185
46186
46187
46188
46189
46190
46191
46192
46193
46194
40467
46196
46197
46198
46199
46200
46201
46202
46203
46204
46205
46206
46207
46208
46209
46210
46211
46212
46213
46214
46215
46216
46217
46218
46219
46220
46221
46222
46223
46224
46225
46226
46227
46228
46229
46230
46231
46232
46233
46234
46235
46236
46237
46238
79007
79008
46241
46242
46243
46244
46245
46246
46247
46248
46249
46250
46251
40477
46270
46273
46274
46276
46277
40481
46280
46281
46282
46283
46284
73250
46286
46287
46288
46289
46290
46291
46292
46293
46294
46295
46296
46297
46298
46299
46300
46301
46302
46303
46304
46305
46306
45947
46308
46309
46310
46311
46312
46313
46314
46315
46316
46317
46318
46319
46323
46324
46325
46326
46327
46328
48536
45953
46350
46352
46355
46356
46357
46359
46361
46365
46366
46367
46368
46369
46370
46371
46372
46375
46376
46377
46378
45959
46380
46381
46383
46384
46385
46386
56883
46388
2270
46390
46391
46392
46393
46394
18655
46396
46397
46398
46399
46400
46401
46402
46403
46404
46405
46406
46407
46408
46409
46410
73271
46412
46413
46414
46415
46416
73272
79186
46419
46420
46421
46422
46423
46424
46425
46426
46427
46428
46429
46430
46431
46432
46433
46434
46435
46436
46437
79206
79207
46440
46441
79210
79211
79212
79213
79215
31007
45971
78740
40511
78741
40515
46484
46485
46486
45977
46488
46489
46490
46491
46492
46493
46494
46495
46496
46497
46501
46503
46505
46506
46508
46510
46512
46514
46516
46518
46520
46521
46522
45983
40522
46526
46527
46528
46529
46530
46531
46532
46533
46535
46536
46537
46538
46539
46540
45986
13774
13775
13776
13777
13778
13779
13780
46549
13782
13783
13784
13785
13786
13787
13788
46557
46558
45989
46560
13793
46562
13795
46564
13797
13799
13801
13803
13805
46575
13809
13811
46580
13813
46582
13815
46584
13817
13819
13820
13821
13822
13823
13824
13825
13826
13827
13828
13829
13830
13831
13832
13833
13834
46603
2306
62381
13230
13231
13856
13232
46001
13864
13865
13866
13867
46636
13234
46638
46639
13872
13873
13874
46003
13876
46645
13878
13879
13880
46649
13882
13883
13884
13885
13886
13887
13888
13889
13890
13891
13892
13238
13894
46663
46664
46665
46666
13239
46668
46669
46671
46672
13240
46674
46675
46676
46677
46678
46679
46680
46681
46682
46683
46684
46685
46686
13919
13920
13921
13922
13923
46692
13925
13926
13927
46696
13929
46698
46699
46700
13933
46702
13935
46704
13937
13939
46708
13941
46710
7785
46712
46713
46714
46715
46716
13949
46718
13951
13952
13953
13954
46723
13956
13957
13958
13959
13960
46729
46730
13963
13964
13965
46734
7789
13968
13969
13970
13251
13972
46741
13974
46743
13976
46020
13978
46747
13980
46749
13982
62405
13984
46753
13986
46755
13988
13254
13990
13992
13994
13995
13996
13997
13998
13999
36973
14001
14003
46772
14005
46774
46775
46776
14009
46778
14011
46780
46781
46782
14015
46784
46785
46786
14019
46788
46789
46790
46791
46792
14025
46794
14027
46796
14029
46798
46799
46800
14033
46802
14035
46804
14037
46806
14039
46808
14041
46810
46811
46812
46813
46814
14047
46816
14049
46818
46819
46820
14053
46822
14055
46824
14057
46827
46828
46829
46830
14063
46832
14065
46834
14067
46836
46837
14070
46839
14072
79609
14074
46843
79612
46845
14078
79615
14080
46849
14082
46851
46852
46853
14086
46855
14088
46857
46858
46859
46860
46861
14094
46863
14096
46865
46866
46867
14100
47012
46870
46871
14104
46873
14106
46875
14108
46877
46878
46879
14112
46881
46882
46883
46884
46885
14118
46887
14120
46889
14122
40583
14124
46893
46894
46895
46896
46897
14130
46899
14132
46901
14134
46903
14136
46905
46906
46907
14140
46909
14142
46911
14144
46913
14146
46915
46916
46917
46918
46919
14152
46921
46922
46923
46924
46925
14158
46927
14160
46929
14162
13283
14164
46933
14166
46935
14168
78820
14170
46939
46940
46941
14174
78821
46944
46945
46946
46947
46948
46949
46950
46951
46952
46953
46954
46955
46956
46957
14190
46959
79728
46961
46962
46963
46964
79733
46966
79735
14200
46969
14202
46971
14204
46973
14206
46975
14208
46977
46978
46979
46980
46981
46982
46983
46984
46985
46986
46987
79756
79757
79758
79759
46992
79761
14226
46995
79764
46997
46998
40601
14232
47001
47002
47003
47004
47005
47006
47007
47008
47009
14242
73371
14244
47013
14246
47015
14248
40604
14250
14252
4241
14254
40605
14256
14258
47028
47029
14262
47031
14264
14266
47035
14268
47037
14270
47039
14272
14274
47043
14276
47045
14278
47047
14280
47049
14282
47051
14284
47053
14286
47055
47056
47057
47058
47059
14292
47062
14295
14296
14297
14298
14299
47069
79838
47071
79840
79841
47074
47101
79870
79871
79872
79873
79874
47107
47109
47110
14343
47112
47113
47114
47115
47116
47117
47118
47119
47120
47121
47122
47123
47124
47125
47126
47127
47128
47129
47130
47131
47132
47133
47134
47135
47136
47137
47138
47139
47140
47141
47142
47143
47144
47145
47146
47147
47148
47149
47150
47151
14385
47154
14387
14389
47158
14391
47160
14393
47162
14395
45497
14397
47166
14399
47168
14401
47170
79939
79940
79941
79942
14407
47176
14409
47178
73399
79948
79949
79950
79951
79952
79953
79954
47187
47188
47189
47190
47191
47192
14425
14427
14429
14431
14433
40635
14437
14439
47208
40636
47210
47211
47213
14447
47216
14449
14451
14453
47222
14455
15757
14457
47226
14459
47228
14461
47230
14463
47233
47234
47235
47236
14469
14471
14473
47243
47245
47247
47249
47250
47251
14484
47253
47254
47255
47256
47257
47258
47259
14492
47261
47262
47263
47264
14498
14500
47269
47270
47271
14504
47273
14506
14508
14510
14512
14514
14516
47286
47287
14520
47289
14522
47291
47292
14525
14526
47295
14528
47297
47298
47299
47300
47301
47302
47303
47304
47305
47306
47307
47308
47309
47310
47311
47312
47313
47314
47315
47316
47317
47318
47319
47320
47321
14554
47323
14556
47325
47327
14560
73424
47330
47332
46118
47334
47336
47337
47338
46119
47340
47342
47344
47347
47348
47351
47352
47353
47354
47356
47357
47358
47360
47361
47362
47364
14597
47366
14599
47368
14601
14603
47372
14606
47375
47376
47377
14610
14614
14618
14622
14626
14630
40668
14634
14636
14638
40669
14640
14642
14644
14646
14648
14650
57055
14652
14654
14656
14658
14660
14662
57057
14664
14666
62519
14668
14670
14672
14674
14676
47445
14678
47447
14680
14681
47450
14683
14684
46138
14686
57061
14688
14690
14692
14694
14696
47466
14700
14701
14702
14703
14704
14705
14706
47475
47476
47477
47478
47479
14712
47482
46143
14716
14718
14720
62528
14722
14724
47493
14726
46145
14728
47497
47498
47499
47500
47501
47502
47503
47504
47505
47506
47507
47508
47509
14742
47511
14744
47513
14746
47515
14748
14749
14750
46149
14752
14753
14754
14755
14756
14757
14758
47527
47528
47529
14762
47531
14764
73458
47534
47535
47536
78920
14770
47539
14772
47541
14774
78921
47544
47545
47546
47547
47548
47549
47550
40693
14784
14786
46155
14788
40694
14790
14792
14794
24311
14796
14798
14800
73464
14802
14804
14806
73465
14808
14810
14812
40698
14814
14816
14818
14820
14822
14824
14826
18855
14828
14830
14832
14834
14836
14838
14840
47610
47611
14844
47613
14846
47615
14848
47617
47618
14851
14852
47621
47622
14855
47624
47625
14858
47627
47628
47629
14862
47631
14864
47633
14866
47635
47636
47637
47638
47639
14872
47641
14874
47643
47644
47645
14878
47647
47648
47649
47650
47651
14884
47653
14886
47655
14888
14890
14892
14894
14896
14898
14900
14902
14904
14906
14908
14910
47680
47681
47682
47683
47684
14918
14920
14922
14924
14926
14928
47698
47699
47700
47701
14934
14936
14938
14682
14942
14944
63783
14946
14948
14950
14952
14954
46183
14956
14958
14960
47729
47730
47731
14964
47733
47734
47735
14968
47737
47738
47739
14972
47741
47742
47743
47744
47746
47747
47748
47750
47751
47752
47754
47755
14988
14990
14992
47761
47762
47763
47764
47765
47766
47767
47768
47770
47771
47772
63785
47774
47775
47776
47778
47779
47780
47782
47783
47784
24348
47786
47787
15020
47790
47791
47792
15026
46195
15028
47797
15030
47799
15032
47801
47802
47803
15036
47805
15038
47807
15040
47809
47810
47811
15044
47813
47814
47815
47816
47818
47819
15052
47821
47822
47823
15056
47825
47826
47827
15060
47829
47830
47831
15064
15066
2511
15068
47837
15070
47839
15072
47841
15074
47843
15076
47845
15078
15080
15082
15084
15086
15088
15090
15092
15094
15096
15098
47867
47868
47869
47870
47871
47872
47873
47874
47875
15108
15110
15112
15114
15116
47885
47886
47887
15120
47889
47890
47891
15124
47893
47894
47895
47896
47897
47898
47899
47900
47901
47902
47903
47904
47905
47906
47907
15140
47909
15142
47911
47912
47913
47914
47915
47916
47917
47918
47919
47920
47921
15154
47923
47924
47925
47926
47927
15160
47929
47930
47931
47932
47933
47934
47935
15168
15170
15172
15174
15176
15178
15180
15182
15184
15186
15188
15190
15192
47961
15194
47963
15196
15198
15200
15202
15204
15206
47975
15208
15210
15212
15214
15216
15218
15220
15222
18921
15224
15226
15228
15230
15232
15234
15236
15238
15240
15242
15244
15246
15248
15250
15252
15254
15256
15258
15260
15262
15264
15266
15268
15270
15272
15274
57159
15276
15278
15280
15282
15284
79006
15286
57161
15288
15290
15292
15294
15296
46240
15298
57163
15300
15302
15304
24396
15306
15308
15310
15312
48081
48082
15316
15317
15786
15331
48112
48113
48114
48115
48121
48135
48136
48137
48138
48139
48140
48141
48142
48143
48144
48146
48147
48148
48149
48155
48156
48157
48158
48159
48160
48161
48162
48164
48165
48166
48167
48168
48169
48170
48171
48172
48173
48174
48175
48176
48177
48178
48179
48180
48181
48182
48183
15416
48185
48186
48187
48188
48189
48190
48191
48192
48193
48194
48195
48196
48197
48198
48199
48200
48201
48202
48204
15437
46148
18957
48208
48209
48210
48211
48212
48213
48214
48215
48216
48217
48218
48219
48220
48221
48222
48223
48224
15457
15458
15459
15460
15461
48230
15463
15464
15465
15466
48242
48243
48244
15477
15478
15479
15480
15508
15509
15510
18969
4385
40475
61861
46285
62671
48380
15587
15588
15589
15590
15591
15592
15593
15594
15596
15597
48366
15599
15600
15601
15602
15604
15605
48374
15607
15608
15609
15610
15611
15612
15613
15614
15615
48384
48385
15618
15619
15620
15621
15622
15623
15625
15626
15627
15628
15629
15630
15631
15632
57497
15634
15635
15636
15640
53986
15642
15643
15646
15647
15648
15649
48418
48420
48421
48422
15655
48424
15657
48426
15659
48428
15661
48430
15663
48432
48433
48434
15667
48436
15669
15670
15671
15672
15673
15674
15675
15677
15681
15683
15685
15687
15689
48532
15691
15693
15695
15697
15699
15701
15703
15705
44168
15707
15709
15711
15713
15715
15717
48486
15719
48488
15721
48490
15723
48492
15725
48494
48495
48496
48497
48498
48499
48500
15733
48502
15735
48504
15737
48506
15739
48508
15741
15742
15743
15744
15745
48514
15747
48516
15749
48518
15751
48520
15753
48522
48523
48524
48525
48526
15759
48528
15761
48530
48531
15764
48533
15766
48535
15768
15770
15772
48543
48544
48546
48547
15780
48549
48550
48551
48552
48553
48554
48555
15788
48557
15790
48559
15792
48561
15794
48563
15796
48565
15798
15800
15802
15804
15806
48576
48577
48578
48579
15812
15813
48582
15815
48584
15817
48586
48587
48588
15821
48590
48591
15824
48593
15826
15827
15828
15829
15830
15831
15832
15833
15834
15835
15836
15837
15838
15840
15841
15843
15844
15845
15847
15848
15849
15850
15851
15852
15854
15855
15859
15860
15862
15863
15864
15865
15866
48635
15868
15870
15871
15872
15873
15874
15875
15877
15879
48649
48650
48651
48653
48654
15887
48656
15889
15891
529
15893
15895
15897
15898
15899
15900
15901
15902
15904
15905
15907
15909
15911
15913
15915
15917
15919
15921
15923
15925
15927
15929
15931
57499
48770
15935
15937
15939
4034
15941
15943
15945
15947
15949
48719
48720
48721
48722
15955
48724
15957
48726
48727
48728
48729
48730
15963
48732
15965
48734
15967
48744
48745
48746
15979
48748
15981
48750
48751
48752
48753
48754
48755
48756
48757
48758
48759
15992
15993
15994
48764
48765
15998
15999
16000
16001
16002
48771
16004
16005
16006
48775
16008
48777
48778
11445
16046
16047
16048
16049
16050
16051
16052
16053
16054
16055
16056
16057
16059
16060
16061
16062
48831
16064
16065
48834
16067
48836
16069
45934
48839
33277
48843
48844
48845
48846
48847
48848
48849
48850
48851
48852
48853
19065
48856
48857
48858
48859
48860
48861
19067
29990
40751
27343
16119
16120
16121
16122
16123
16124
16125
16126
48895
48896
46379
2029
48927
48928
24539
46387
16180
16181
16182
48951
48952
16185
48954
16187
16188
16189
46389
31091
16213
16214
16216
45935
16221
57317
16227
16228
16229
16230
16231
16232
16233
16234
24551
16236
16237
16238
16239
16240
16241
16242
11452
16245
16246
16247
16248
16249
16262
16263
16264
16265
16266
16267
16268
16269
16272
16273
16274
16275
24558
16278
16279
16281
59463
24561
16297
16299
16301
16303
16305
61866
16313
40480
16321
46411
16329
49099
49100
16337
16345
34632
16357
16359
16365
16367
16373
16375
24550
49146
49147
49148
16381
49150
49151
49152
49153
49154
49155
49156
14730
16391
16399
16407
16415
16423
16431
16433
16435
16439
16441
14732
16443
16447
16449
16451
16455
16457
16467
16469
16475
16477
79205
16481
46438
16487
16489
46439
16495
16497
16499
79209
16505
16507
46442
24597
16513
16515
16517
16519
16521
16523
16525
16527
16533
16535
16537
33286
36772
16591
16594
16595
16596
16597
16598
16599
16601
16603
16605
35681
16617
15996
16622
16631
16633
16634
16635
16636
16637
16638
16639
16640
16641
16642
16643
16644
16646
16647
16648
16649
16650
16651
16652
16653
16654
16655
16656
16657
16658
16659
16660
16661
16662
16663
16664
49433
16666
49435
16668
16669
16670
16671
16672
16673
33289
16678
16679
16680
16681
16682
16683
16686
2781
16688
16689
16690
16691
16692
16694
16696
16697
33290
16712
16713
16714
2787
2739
2794
46487
19185
8263
33294
49619
49620
49621
49634
16869
49641
49644
49645
49646
49647
49648
49649
49650
49651
49652
49653
49668
49669
49670
49671
49672
49673
49674
49675
49676
49677
49679
49681
49682
49684
49685
49705
49707
49708
49709
49710
49711
49712
49713
33298
49719
49720
49721
49723
49724
49725
49727
49728
49729
49731
49732
49733
49735
49736
49737
49739
49740
49741
49742
49743
49746
49748
49750
49751
49752
55757
44211
37153
49770
49771
49772
49773
49774
46525
14751
41065
49787
49790
19221
49792
49794
49795
49796
49797
49798
49799
49800
49801
49802
49803
33301
49805
49811
49812
49813
49814
49816
46395
49818
49819
49820
49821
49822
49823
49824
24688
24689
24690
24691
57460
58816
44214
24694
24695
13773
57464
24697
24698
24699
24575
24700
48580
57469
17136
46547
24702
17143
12771
46548
44216
13781
49922
49923
49924
46550
49926
49927
49928
46551
49933
49935
17168
46552
17174
17175
17176
17177
49946
49947
17180
17181
17182
17184
49953
49954
49955
49956
49957
49958
49959
49960
49961
17194
49963
17196
17199
17200
17201
17202
17203
17204
17205
17206
17207
17208
17209
49978
13791
49980
17213
17214
17215
49984
49985
49986
49987
17220
17221
17222
49991
49992
34594
17226
17227
17229
17230
41101
17232
17233
50002
46563
50004
41102
17238
17239
17240
17241
17242
73871
17244
17245
17247
17248
17249
17250
17251
17252
17253
17254
17255
17256
17257
17258
62527
17260
17261
17262
50031
17264
50033
17266
50035
17268
17269
17270
50039
17272
50041
50042
50043
50045
50046
50047
50048
50050
50051
50052
50053
27393
17288
17290
17291
17292
17293
17294
17295
17296
17297
50066
50067
17300
17301
50070
50071
17304
17305
17306
50075
50076
50077
50078
50079
14761
50083
50084
17317
46577
17322
17323
17324
17325
17326
17327
17328
17329
17330
46579
17332
17333
17334
35657
17336
17337
17338
17339
17340
17341
17342
17344
17345
17346
17347
17348
17349
17350
17351
17352
17353
17354
17355
17356
20020
17359
50130
17363
50132
17365
17366
17367
17368
50138
50139
50140
50141
50142
50143
50144
50145
50146
50147
50148
50149
50150
50151
50152
50153
50156
50157
50158
17392
27612
57318
17402
17403
17404
17406
17407
17408
46854
17423
17424
17425
17426
17428
17429
17432
14765
17436
17437
17440
17441
17444
17445
17448
17449
17452
17453
17455
17456
17459
17460
17463
17464
17466
17467
46602
17470
17471
17476
17477
17478
17479
17480
17481
17482
17483
17484
17485
17487
17488
17490
17491
17492
17493
17494
17495
17496
17497
17498
17499
17500
17504
17506
17510
17512
57532
17514
17516
17518
17520
14768
17524
17526
17528
17536
17540
17542
17546
17547
17548
17549
17551
17553
17555
17557
17559
11496
14738
17263
17619
17621
17623
17624
17630
17634
17357
17636
17640
17642
17643
17646
17647
17648
17649
17650
17651
17652
17653
17654
46633
17656
17657
17658
17659
17660
46634
17662
17663
17664
17665
17666
46635
17668
17669
17670
17671
17672
13868
17674
17675
17676
17677
17678
46637
17680
17681
17682
17683
17684
17685
17686
17687
17688
17689
17690
17691
17692
17693
17694
17695
46640
17703
17709
46417
17713
17715
17718
17720
17722
17726
17728
36336
17732
17736
17738
46647
17740
17743
13881
17754
17755
17756
43763
46651
17765
47510
2961
17769
17770
17771
17772
17773
17791
17793
17794
41195
17796
46658
33725
46659
17812
17814
17815
17816
46660
13893
49427
46662
41201
17832
17834
17836
17838
17840
17841
17843
17847
17848
17849
17850
17852
17857
17858
17859
17860
17861
17862
17863
17864
17865
17866
17867
17868
17869
17870
17871
14780
17887
17888
17889
17893
17894
17895
17897
17898
17912
17918
17920
17922
17924
17926
17928
17930
17932
17938
17939
17940
14782
47516
17959
17960
23512
13918
17975
17976
17977
17978
46687
17982
46688
46689
17999
23513
46691
13924
46693
19149
46694
18025
46695
18029
46697
13931
18054
18055
46701
18068
46703
46705
57341
31154
46707
46709
57342
13943
47522
13945
13947
13948
47523
46717
73226
13950
46719
19413
46720
46721
47524
46722
13955
46724
46725
46726
52188
46727
52189
46728
52190
15883
46731
47526
46732
46733
13966
13967
46736
46737
46738
58824
46739
46740
15885
46742
44255
46744
46745
46746
3057
46748
44256
46750
43767
46751
47530
46752
46754
3065
63140
63141
30374
63143
63144
8531
41303
46766
41305
47533
73228
19461
19463
46771
46443
46773
14007
19470
46777
46779
14013
46783
14017
47537
46787
18580
14021
14023
47042
47538
18608
46793
18626
46795
18635
18637
18639
18640
14031
3109
18657
18658
18660
35878
18662
46801
18664
18666
3111
18668
18670
18672
18674
46803
18676
35881
18680
18682
18684
18686
46805
18688
18690
18692
18694
18696
18698
46807
18700
18702
18704
18706
74115
18708
3118
18710
46809
18712
18714
18716
18718
18720
18722
14043
18724
18726
18728
18730
14045
27902
18740
18742
18744
35892
18746
46815
18748
18750
52277
18752
18754
18756
35894
18758
46817
18760
18762
18764
18766
18768
18770
14051
18772
18775
18777
18779
18781
46821
18785
18787
18789
18791
18793
18795
18797
18799
18801
18803
18805
18807
18809
18811
18813
18815
18817
18819
18821
18823
18825
18827
27905
18829
18831
18833
18835
18837
18839
18841
18843
18845
18847
18849
18851
18853
46833
18857
27906
18859
18861
18863
18865
18867
33362
18869
18871
18873
18875
18877
14069
18881
18883
18885
18887
18889
18891
18893
18895
18897
18899
52302
18903
18905
18907
18909
18911
18913
18915
18917
18919
14076
18923
18925
18927
18929
18931
18933
18935
18937
18939
18941
18943
18945
18947
18949
18951
18953
18955
46850
18959
18961
18963
18965
18967
14084
18971
18973
18975
18977
18979
18981
18983
18985
18987
18989
18991
46856
48642
47551
18999
19001
19003
19005
19007
19009
19011
19013
19015
19017
19019
19021
19023
19025
19027
47552
19029
19031
19033
3907
19035
19036
19037
19038
19039
19040
19041
19042
19043
19044
19045
19046
19047
19049
19051
19053
19055
19057
3177
46868
41407
53009
19069
46869
19073
19075
19077
19079
19081
19083
19085
19087
46872
1160
63257
19101
19103
19105
19107
19109
19111
19113
19115
19117
19119
14110
19129
19131
19133
19135
19137
19139
19141
19143
19145
19147
14114
19151
14116
35962
19169
19171
19173
19175
19177
19179
19181
19183
46888
19187
19189
19191
19193
19194
19195
19196
19197
19198
19199
19200
19201
19202
19203
19204
19205
19206
19207
19208
19209
19211
19213
19215
19217
19219
14126
19223
19225
19227
33374
19229
19231
19233
19235
19237
19239
19241
19243
46898
19247
2823
19249
19251
19253
19255
19257
19258
19259
19260
19261
19262
19263
19264
19265
19266
19267
19268
46902
19270
19271
19272
19273
19274
19275
19276
19277
19278
19279
19280
19281
19282
19283
19284
19285
19286
19287
19288
19289
19293
19295
19297
19299
19301
19303
46908
19311
19313
19315
19317
19319
19321
19323
19325
19327
19329
19335
19337
19339
19341
19343
19345
19347
19349
19351
19353
19359
19361
19363
14150
46920
48655
14154
19398
19400
19401
19402
19403
19404
19405
19406
19407
19408
19409
19410
19411
19412
46926
19414
19415
19416
19417
19418
19419
19420
19421
19422
52191
52192
46928
52195
52196
52197
52198
52200
52201
52202
46930
46931
46932
52219
52224
52225
52226
52228
52229
19462
52231
52236
52238
52397
52240
46936
52242
52244
46937
939
52250
52252
46938
52254
14172
33383
19500
52273
52274
52275
52276
46942
52278
52279
52280
52281
52282
52283
52284
52285
52286
52287
14176
52290
52291
52292
52293
52294
52295
52296
52297
52298
52299
52300
14178
19534
52303
19536
19537
52306
19539
52308
52309
52310
52311
52312
52313
52314
19547
19548
19549
19550
19551
43889
19553
19554
52323
19556
79718
33385
14184
33955
79722
52351
52352
52353
52417
14188
52419
46958
14192
52392
52393
52394
52395
52396
14194
52398
52399
52400
52401
52402
52403
52404
52405
52406
52407
52408
52409
52410
44212
52412
52413
46965
33388
52418
52427
52420
57393
52423
14970
52425
52426
46967
19660
52429
52430
19663
52432
46968
52434
52435
52436
52437
52438
52439
52440
52442
52431
52444
46970
33389
19684
19685
19686
19687
19688
46972
19690
19691
19692
19693
19694
19695
19696
19697
19698
19699
19700
46974
33390
46976
19719
19720
8748
19722
19723
19724
14210
19726
19727
27935
14212
19739
19744
19745
52443
14214
19759
19760
19761
19766
19767
33392
14218
79755
52552
46988
52554
52555
52556
52557
52558
46989
52560
52561
52562
52563
46990
52568
52569
52570
46991
52572
52573
19806
52575
52576
79760
19810
52579
19812
52581
19814
46993
52584
52585
52586
52587
52588
79762
79763
52596
52597
52598
19689
46996
14230
46999
47000
52629
52630
52631
52632
52633
52634
52635
52636
52637
52638
52639
52640
52641
52642
52643
14236
14238
14240
52674
52679
52680
52681
52682
52683
47010
33397
19921
19922
19923
19925
52694
19927
19929
52698
52699
19935
52704
19937
52706
19939
52708
47014
19942
52711
19944
52713
19946
52715
19948
52717
19950
52719
19952
52721
52722
52723
52724
52725
52726
52727
52728
52729
19962
52731
19964
52733
19966
52735
52736
52737
19970
52739
19972
52741
19974
52743
19976
52745
19978
52747
19980
52749
19982
52751
19984
52753
19986
52755
52756
52757
19990
52759
19992
52761
19994
52763
19996
52765
52766
52767
20000
52769
52770
52771
20004
52773
20006
52775
20008
52777
52778
52779
20012
52781
20014
52783
20016
52785
52786
52787
52788
52789
52790
19721
20024
14260
20026
20028
20030
20032
20034
20036
47030
20038
20040
20043
20045
20047
47032
20051
20053
20055
20057
20059
20060
20061
20062
20063
20064
20065
20066
47036
52844
52845
52846
52847
52848
52849
52850
52851
47038
52854
52855
52856
52857
52858
52859
52860
52861
52862
52863
52864
52865
52866
52867
52868
52869
52870
52871
52872
52873
52874
52875
52876
52877
20110
52879
52880
52881
20114
20115
52884
52885
52886
52887
52888
20121
52890
52891
52892
20125
52894
52895
52896
52897
52898
52899
52900
47046
52902
41585
20138
52907
47048
52915
52916
52917
52918
52919
52920
52921
52922
20157
20158
20159
20160
20161
14856
47052
20171
20172
20175
3363
47054
20183
20184
20185
20186
20187
20188
20189
20190
20199
20201
20203
20205
20207
20209
20210
20211
20212
20213
47060
33407
52997
52998
41379
47063
53007
53008
47064
53010
53011
53012
53013
53014
53015
53016
53017
53018
53019
53020
53021
53022
53023
53024
53035
53036
53037
53038
53041
11069
20280
20281
53053
53055
53056
46835
53058
53059
53060
47073
20306
20307
20308
3385
20312
20314
20315
25233
45526
20342
20345
20347
20349
20351
20353
20358
53129
53130
53131
53132
53133
53134
53135
53136
53137
53138
20371
53140
53141
53142
53143
53144
53149
53150
3397
53152
53153
53154
53155
53156
53157
53158
53159
14102
53161
53162
53163
53164
53165
53166
53167
53168
24684
53170
53171
53172
53173
53174
52553
53176
53177
20410
20411
20412
20413
20414
20415
20416
20417
20418
20419
20420
20421
53190
20423
20424
20425
53194
53195
53196
53197
53198
53199
53200
20433
53202
53203
53204
53205
53206
53207
53208
53209
53210
20443
20444
3954
20446
20447
20448
20449
20450
20451
20452
20453
20454
20455
53226
53229
47102
47103
53244
47104
47105
47106
20494
20495
20498
20499
20500
20501
20502
20503
20504
20505
20506
20507
20508
20509
53057
52571
53288
53289
53290
53291
20524
20525
20526
20527
20528
20530
20531
20532
53301
53302
37601
20539
20540
53309
53310
44218
9413
53315
53316
52577
20555
20557
20559
20561
20563
20565
20567
14766
20569
20573
20575
20577
20579
20581
20587
20589
20591
53360
53361
53362
53363
53364
20597
53366
20599
53368
53369
53370
53371
53372
53373
53374
53375
53376
20609
53378
20611
53380
20613
53382
53383
53384
53385
53386
20619
20621
20623
53393
53394
20627
20629
20631
20633
20635
20637
20639
20641
53420
53421
53422
53423
53424
53425
53426
52595
53428
53429
53430
53431
53432
53433
53434
53435
53436
53437
53438
24693
53461
20700
20701
20702
20703
20704
53476
14375
53486
53488
20721
53490
53491
53493
53494
20727
53496
20729
53498
20731
20733
20735
20737
20739
53508
53509
20743
53512
20745
53514
20747
20749
20751
20753
20755
20757
20759
20761
20763
20765
14876
20767
53536
20769
53538
20771
20773
20775
20777
20779
20781
20783
20785
20787
20789
20791
20793
20795
20797
20799
3966
47159
20817
20819
20821
20823
20825
20827
53596
20829
53598
20831
53600
20833
53602
20835
53604
20837
53606
20839
53608
20841
53610
20843
53612
20845
53614
47165
53616
20849
53618
20851
53620
53621
53622
20855
53624
53625
53626
20859
53628
20861
53630
53631
53632
20865
53634
20867
53636
53637
53638
20871
53640
20873
53642
20875
53644
53645
53646
20879
53648
20881
53650
20883
20885
20887
20889
20891
20893
14760
20895
53665
53666
53667
53668
19245
47175
20911
20913
20915
20917
20919
20921
20923
20925
20927
20929
20931
20933
20935
53704
20937
53706
53707
53708
53709
53710
53711
53712
53713
53714
53715
20949
20951
20953
47183
20957
20959
47184
20963
20965
20967
21089
20969
20971
47186
20975
20977
79955
20981
20983
20985
20987
20989
14421
20993
20995
20997
20999
21001
14423
21005
21007
21009
21010
21011
21012
21013
21014
47193
21017
21018
21019
21020
21021
21022
21023
21024
21025
21026
21027
21028
21029
21030
21035
21036
21037
21038
21039
21040
21041
21042
11612
21059
53839
21073
21074
21075
21076
21077
21078
21079
21080
21081
21082
53851
21084
21085
21086
53855
53856
53857
47495
21096
21097
14441
53890
53891
53892
53893
53894
53895
53896
53897
53898
53899
53900
53901
53902
14445
53904
53905
53906
53907
15980
36366
36296
17817
47219
36297
53949
53950
53951
53952
53953
53954
53955
53956
53957
53958
53959
53960
53961
53962
53963
53964
21198
21200
47224
21202
21204
21206
21208
53977
21210
21212
21214
53983
21216
53985
21218
53987
21220
21222
21438
21224
21226
21228
36306
21230
21232
21234
36307
21236
21238
21240
47496
21242
21244
21246
21248
21250
21252
36310
21254
14465
21256
21258
52695
21260
21262
21264
36312
21266
14467
21268
21270
52697
21272
21274
21276
36314
21278
21280
21282
19931
21284
21286
21288
21290
21292
21294
21296
21298
21300
21302
47241
52703
36320
14475
21318
52705
21320
21322
21324
36322
21326
21328
21330
52707
21332
21334
21336
21338
46842
21340
21342
52709
21344
37809
21346
21348
52710
21350
21352
21354
3559
21356
21358
21360
52712
21362
21364
21366
21368
21370
21372
52714
21374
21376
21378
21380
14486
21382
21384
52716
21386
21388
21390
36333
54160
54161
54162
54163
21396
54165
54166
21400
21402
36335
21404
14490
21406
21408
52720
21410
21412
21414
21416
21418
21420
21422
21424
54193
54194
25893
21428
14494
21430
13807
21432
21434
21436
78267
3573
21440
14496
21442
21444
21446
54216
54217
21450
54219
54220
54221
54222
54225
54226
54227
54228
54229
54230
54231
36346
21470
21472
21474
21476
14502
21478
21480
52732
21484
21486
36349
47272
47634
21491
21493
21496
21498
36723
21500
47274
21504
19968
21506
21508
21510
36353
21512
52738
54291
54292
54293
54294
54295
11628
54299
21532
21534
54303
54304
54306
54307
54308
54309
54310
21545
21547
21549
21551
54320
21553
54322
21555
21557
54327
54328
21561
52746
21568
21569
21570
21571
21572
14518
52748
13237
21584
21585
21586
21587
21588
21589
21590
54359
21592
21593
21594
21595
54364
54365
54369
54370
54371
21604
21606
54375
54376
54377
21610
21611
54381
54382
47293
47294
19269
54392
54393
54394
54395
21628
54397
54398
54399
54400
54401
54402
54403
54404
54405
21638
54407
21640
54409
36375
14530
52760
14532
54428
54429
54430
54431
54433
54434
21667
21668
54437
54439
54440
52764
54442
54443
54444
54445
54446
54447
14536
19998
34547
42185
14538
26113
52768
22545
36385
19538
20002
63693
14542
21718
21719
21720
21721
21722
21723
21724
21725
21726
21727
21728
21729
21730
21731
21732
21733
21740
14546
52776
49825
20010
36395
14550
54534
54535
54536
54537
54538
54539
54540
54541
54542
54543
54544
54545
52782
54552
54553
54554
54555
54556
54557
54558
21791
54560
54561
54562
54564
21802
21803
47209
20018
21815
21816
21817
21818
21819
22549
46554
14548
20022
60157
21841
36807
14564
21853
46555
21855
21857
3643
21867
21868
14568
46862
22551
46556
21888
21889
21890
21894
21896
14572
21898
21900
21902
4117
21904
21906
21908
21910
21912
21914
21916
21918
21920
14576
21922
21924
21926
21928
21931
21935
21937
21939
21941
14580
54714
21947
21948
21949
21950
54719
21952
21953
21954
21955
21956
21957
21958
21959
21960
21961
21962
54731
54732
21965
21966
21967
21968
21969
21970
54739
54740
54741
36298
54743
54745
54746
36431
54748
54749
54750
54751
54752
54753
54754
36433
54760
54761
41104
54764
54766
54768
54769
54770
54771
54772
54773
54774
54775
54776
54777
54778
54779
54780
54781
54782
54783
54784
54785
54786
54787
54788
54789
54794
54798
54799
54800
46561
54804
54805
54806
3673
54808
54809
54810
22043
1825
54826
54827
54828
54829
54830
54840
54841
47371
36451
22107
22108
22109
22110
22111
22112
22113
22114
22115
22116
22117
22118
22119
22120
22121
22122
22123
22124
22125
22126
22127
22128
22129
22130
22131
54900
54901
54902
54903
22136
54905
54906
54907
54908
54909
54910
54911
54912
54913
54914
54915
54916
54917
54918
54919
54920
54921
54926
54927
31002
22175
22176
22177
22178
31003
54948
54949
41392
36746
63773
54965
54966
54968
54970
54971
54972
54973
54974
54975
63777
63778
54993
63779
22229
63780
52740
63781
22242
31014
60378
55025
55029
55031
55032
55033
55034
55035
63787
3713
63789
22291
36810
31022
31023
22565
36485
4016
3719
25565
3721
50003
3723
36493
52878
36495
3729
52882
36499
3732
31041
52889
22428
22430
22436
22440
22442
22444
22446
52893
22448
22449
22452
55304
22456
22460
22464
22466
22468
22470
22474
52901
14540
55294
55295
55296
55297
55298
55299
55300
55301
22534
22535
22536
55305
55306
55307
55308
55309
22542
55311
22544
47448
22546
55315
55316
55317
55318
55319
55320
55321
55322
55323
55324
55325
55326
22559
55328
55329
55330
55331
55332
55333
55334
55335
55336
55337
22570
22571
22572
55341
55342
55343
55344
55345
55346
55347
55348
55349
55350
55351
55352
55353
55354
55355
55356
55358
55359
54218
22611
22613
22615
22619
22621
33487
22623
22576
22634
14698
36376
22577
36762
63855
31089
14707
14708
9247
63861
14710
47480
55511
55512
55513
55514
55515
55516
55517
52307
55519
55520
55521
55522
55523
55524
55525
55526
55527
22760
55529
55530
55531
55532
22765
55534
55535
55536
55537
55538
55539
55540
55541
55542
55543
55544
55545
55546
22779
55548
55549
55550
55551
55552
55553
55554
55555
55556
55557
55558
55559
55560
55561
55562
55563
55564
55565
55566
55567
55568
55569
55570
55571
55572
55573
22806
55575
48769
55577
55578
55579
55580
55581
55582
55583
55584
55585
55586
55587
55588
47494
55590
55591
55592
55593
55594
55595
55596
55597
55598
55599
55600
55601
55602
55603
55604
55605
55606
55607
55608
55609
55610
55611
55612
55613
55614
55615
55616
55617
55618
55619
55620
55621
55622
55623
55624
55625
55626
55627
55628
55629
55630
55631
55632
55633
55634
55635
55636
14734
55638
55639
55640
55641
55642
22875
55644
55645
55646
22879
55648
14736
55650
55651
55652
55653
55654
55655
55656
55657
55658
22891
55660
55661
55662
22895
55664
55665
55666
22899
22901
55670
55671
55672
14740
55674
22907
55676
22909
55678
55679
55680
22913
55682
22915
55684
55685
55686
22919
55688
55689
55690
55691
55692
55693
55694
55695
55696
55697
55698
22931
22933
22937
47514
55712
22945
55714
55715
55716
22949
55718
55719
55720
22953
55722
55723
55724
55725
55726
22961
22963
22965
22967
22969
22971
22973
22975
22977
22979
22981
55751
55752
22985
55754
55755
55756
22989
55758
22991
55760
55761
22995
22997
22999
23001
23003
23005
23007
23009
23011
23013
23015
23017
23019
23021
23023
23025
23027
23029
23031
23033
23035
23037
23039
23041
14763
23045
23047
73873
23049
23051
71731
23053
23055
23056
23057
23058
23059
23060
23061
55830
55831
55832
14767
23069
23071
23073
23075
23077
23079
23081
23083
23085
23087
55856
23089
55858
23091
55860
23093
55862
23095
23097
23099
23101
23103
23105
23107
23109
23111
23113
23115
23117
23119
23121
23123
23124
23128
23129
23130
23131
23132
23133
23134
23135
23136
23137
23138
23139
23140
23141
23142
23143
23144
23145
23146
23147
23148
23149
23150
23151
23152
23153
23154
23155
23156
23157
23158
23159
23160
23161
23162
23163
23164
23165
23166
23167
23168
23169
23170
23171
23172
23173
23174
23175
23176
23177
12775
46418
31175
55984
55985
55986
46601
31181
34599
36644
34600
14776
56065
56066
56067
56068
56069
56070
56071
56072
56073
56074
56075
56076
56077
56078
56079
56080
56081
33461
56089
56090
13870
36656
45513
53151
45546
14962
48383
36661
56131
56132
56133
56134
56136
56139
56140
56141
56142
56143
56144
56145
56146
56147
36665
36666
31205
3899
36669
23416
23418
3903
56190
56191
56192
56193
56194
56195
56196
56197
56198
56199
56201
56202
56203
56204
56205
56206
56207
56208
56209
56210
56211
56212
36788
36677
56224
56225
56226
23473
23474
3913
36789
64096
36818
9377
56264
56265
56266
56267
56269
56270
56271
56272
56273
56274
23507
56276
56277
23510
23511
56280
56281
56282
56283
56284
56285
56286
56287
56288
56289
56290
23523
56292
23525
56294
23527
23528
47612
56299
56300
23533
23534
23536
23537
47614
47616
23559
23560
23561
23562
23563
23564
14850
23566
52883
45521
47619
14853
14854
23594
47623
56365
4059
36793
53160
23606
47626
23618
31243
36705
14860
36706
36707
47630
47512
36819
36709
47632
3942
23659
23660
36795
14868
23674
45553
36715
14870
12791
36716
45525
36796
35705
47640
42179
23702
23703
23705
23706
23707
23708
23709
23710
23711
23712
23713
23714
23715
23716
23717
23718
23719
23720
23721
23722
23723
23724
23725
23726
23727
23728
23729
23730
23731
23732
52750
23735
23736
14880
36726
45527
31265
64034
23758
31267
47652
23773
47654
23783
23785
23787
23789
23791
36820
23793
23795
16068
23797
23799
23801
23803
23805
23807
23809
23811
23813
23815
23817
23819
23821
56590
56591
56592
56593
56594
56595
56596
23829
56598
56599
56600
56601
23834
56603
56604
56605
56606
56607
56608
56609
23842
56611
23844
56613
56614
56615
56616
56617
23850
3975
23852
23854
25821
23856
56625
56626
56627
56628
56629
56630
36745
23864
23866
56635
56636
56637
56638
56639
36747
36749
14980
36750
23894
23896
23898
36751
23902
49975
23911
23912
23913
23915
23916
23917
23918
23919
3987
36756
36804
56701
36757
14912
56708
56709
56710
56711
56712
56713
56714
36759
56716
14914
23950
31349
3992
23954
71721
36761
45534
14916
56733
56734
56735
36763
56745
56748
56749
36765
71722
3998
36767
36768
36769
36770
56782
56783
56784
56785
4003
56788
56789
56790
56791
56792
56793
56794
56795
56796
56797
45987
14930
36776
31315
36777
14932
14986
62497
56844
56845
56846
56847
56848
45538
56850
56851
56852
56853
56854
56855
56856
56857
56861
56862
56863
56864
56865
56866
56867
52316
53169
14940
36786
45539
56880
56881
56882
36787
56884
56885
56886
56887
56888
56889
56890
56891
56894
56895
56896
56897
56898
56899
56900
56901
56902
56903
56904
56905
56906
56908
31330
56910
56911
56912
56913
56914
56915
56916
56917
56918
56919
56920
56921
56922
56923
56924
53178
56926
73910
56928
56929
56930
56931
56932
56933
56934
56935
56936
53180
56938
45541
53179
53181
56944
56946
53182
31337
56952
56953
56954
56955
56956
56957
56958
53184
71729
36801
56971
56972
56973
56974
56975
56976
56977
56978
56979
56980
56981
56982
56983
53188
48816
36805
46643
36806
53191
57004
57005
57006
57008
24241
24242
57011
57012
57013
57014
57015
57016
57017
57018
57019
57020
57021
57022
57023
57024
57025
36811
14966
24268
24270
36814
24283
57052
57053
57054
21540
57056
36816
57058
57059
57060
53183
57062
57063
57064
14128
57066
57067
57068
57069
57070
57071
57072
24305
57074
57075
57076
57077
57078
57079
57080
24313
24314
14976
36822
810
3655
14978
57106
57107
57108
57109
57110
57111
57112
57113
57114
57116
57117
57118
57119
57120
57121
57122
57123
57124
57125
57126
57127
57128
36828
17178
36829
14984
36830
4063
57149
57150
53186
36832
31371
57156
57157
57158
36833
57160
47756
57162
24395
57164
36834
57166
57168
25912
57170
36835
36825
36836
57180
57181
53187
36837
24417
4070
24427
14994
25917
46641
24438
36841
14996
24443
24445
36843
14998
4076
15000
46642
4078
24471
24473
53189
24475
24477
24478
24479
25911
24483
24484
24486
24488
15004
24490
24492
24493
24494
24495
24497
24499
24501
24503
24505
24507
24509
24511
24513
24515
24517
24519
24521
24523
24525
24527
24529
24531
24533
24535
24537
57307
57308
24541
57310
31397
24545
24546
24547
24548
15014
15002
57319
24552
24553
24554
24555
24556
24557
12820
24559
24560
15016
24562
24563
53192
57333
57334
24567
24568
24569
24571
24572
15018
24574
57343
57344
17185
47788
45555
24592
24593
24594
24595
24596
15022
3175
24606
15024
24613
31409
57384
57385
12822
57387
57388
57389
57390
57391
24624
24625
57394
57395
57396
4105
24632
17187
24636
24637
24638
24639
24640
24641
24642
24644
24645
24646
45557
24653
24654
24655
24656
24657
24658
24659
24660
57429
24663
24669
15006
57442
57443
57444
57445
57446
57447
57448
57449
57450
57451
57452
57453
57454
57455
57456
57457
57458
57459
24692
57461
57462
57463
24696
57465
57466
57467
57468
24701
57470
57471
57472
57473
57474
57475
57476
57477
57478
57479
57480
57481
57482
57483
57484
57485
57486
57487
57488
57489
57490
57491
57492
57493
57494
57495
57496
64196
57498
15008
57500
57501
57502
57503
57504
57505
57506
57507
57508
57509
57510
57511
57512
57513
57514
57515
57516
57517
57518
57519
57520
57521
57522
57523
57524
57525
57526
31433
57529
57530
57531
24764
57533
57534
57535
57536
31435
64204
15054
15010
4133
15058
31422
31443
31445
53201
4139
15062
4140
36909
15012
36910
21559
4143
58757
4144
47835
4145
53299
45565
20533
4150
31457
25999
26000
53307
52758
58769
53308
57706
57707
57708
57729
57730
57731
57732
57733
57734
57735
57736
57737
57738
57739
57740
53314
36839
832
57776
57777
57778
57779
57780
57781
57783
57784
57785
57786
57787
58785
31385
46661
57807
57808
57809
57810
57811
57812
57813
57814
57815
57816
57817
57818
4175
15100
58791
45571
78305
15102
58793
58794
4181
15104
15106
58798
34661
58799
4186
4187
31494
4188
53341
4190
53343
822
36960
36826
36961
64268
64270
26041
31503
26042
47888
58811
36966
31505
36967
15122
36968
33573
47892
58815
73273
46667
36971
15126
26049
4204
4205
33338
15128
25235
25237
25239
25241
25242
15130
43722
25252
20593
15132
31517
33575
25266
20595
25268
15134
25270
25271
25273
25274
25275
25276
25277
25278
53365
25280
15136
25283
53193
58828
53367
15138
46559
26061
16118
823
20601
47908
26063
20603
31527
20605
17190
15144
25330
25331
25332
4222
25334
25335
25336
25337
25338
20607
25340
25341
25342
25343
25344
25345
25346
25347
25348
25349
53377
15148
53379
15150
53381
15152
33339
47922
41409
31539
46673
20617
15156
45582
15158
26081
32811
47928
15161
4239
15162
37008
15163
49948
20625
15164
15166
4245
26091
31553
58864
15034
37020
37022
58868
25530
26101
25538
31563
25540
58870
25542
25544
25545
25546
25547
25548
31565
58872
26105
25561
25562
25563
26106
49952
26107
58876
26109
25588
25589
25590
25591
25592
25593
25594
25595
25596
25597
25598
25599
25600
25601
25602
25603
25604
25605
25606
25607
25608
25609
25610
25611
25612
25613
25614
25615
25616
25617
25618
25619
25620
25621
25622
25623
25624
25625
47962
31579
9734
53427
75280
25707
25709
25711
25713
25715
25718
25719
37056
25267
9750
25736
25737
25739
15042
37060
75290
17225
15048
9762
25810
25811
25812
31609
64378
45596
31611
4305
31612
25861
25862
25863
25867
25868
15046
37080
37081
45598
25887
25888
25889
25890
25891
25892
64390
25894
25895
25896
25897
25898
25899
25900
25901
25902
25903
64392
25906
25907
25908
25909
25910
64393
45599
25913
25914
25915
25916
64394
25918
25919
25920
25921
25924
25925
25928
25929
25930
25931
25932
25933
25934
25935
25936
25937
60308
64398
25948
25949
25950
25951
25952
25953
25954
25955
25956
25957
25968
25969
25970
25971
25972
45601
25974
25975
25976
25977
25978
25979
25980
25981
31637
1264
64406
15050
25996
25997
25998
58767
58768
64408
26002
26003
26004
26005
26006
26007
26008
26009
64410
26016
26017
58786
58787
26020
26021
26022
26023
58792
31644
26026
26027
26028
26029
26030
26031
58800
58801
20723
26038
26039
26040
58809
58810
26043
58812
58813
58814
26047
26048
58817
58818
42571
58820
58821
58822
58823
26056
58825
26058
26059
26060
58829
26062
45604
52583
26066
26067
26068
26069
26070
26071
26072
26073
26076
26077
26078
26079
26080
42576
26082
26083
26084
26085
26086
26087
26088
26089
26090
58859
58860
58861
58862
58863
26096
58865
58866
58867
26100
58869
26102
58871
26104
58873
58874
58875
26108
58877
58878
26111
58880
58881
58882
58883
58884
58885
58886
58887
58888
58889
58890
58891
58892
58893
58894
58895
58896
58897
58898
58899
58900
58901
58902
58903
58904
58905
20741
58919
58933
53513
58936
58941
58942
58943
58944
58945
58946
58947
58948
58949
58950
58952
58953
58954
58955
58956
42594
58966
42596
58971
58972
58975
9830
26224
42600
26252
26253
26254
26255
26256
26257
26258
26259
26260
26261
26286
26288
26290
26292
26294
26296
26298
53535
26300
26302
26304
26306
26308
42614
26310
53537
26312
26318
31693
26320
42616
26322
26324
26326
26328
4388
26330
26332
42618
26334
26338
26340
26342
25973
26344
42620
26346
37159
26348
15314
26350
26352
26354
26356
26358
37161
26360
26362
26364
37162
26366
26368
26370
37163
26372
26374
26376
4396
26378
26380
26382
4397
26384
26386
26388
4398
26390
31705
26392
26394
26396
26398
26400
26402
59171
26404
26406
31708
59178
59179
26412
59181
26414
47798
26416
59185
26418
59187
26420
26424
48095
59196
59198
37173
26432
59201
26434
26436
26438
26440
26442
59211
26444
59213
26446
59215
26448
59217
26450
59219
26452
59221
59222
59223
59224
59225
59226
59227
59228
59229
59230
59231
59232
59233
59234
59235
59236
59237
59238
59239
59240
59241
59242
59243
59244
59245
59246
59247
42646
31434
827
20805
48893
46711
59311
59312
59313
59314
59315
59316
59325
59326
59327
59328
59329
59330
59331
59332
59333
59334
59335
59336
59337
59338
59339
59340
15353
59366
59367
59368
59370
31745
59405
59406
59407
59408
59421
59422
47806
59424
59425
59426
59427
59428
59429
59430
59431
59432
53597
53599
42677
59462
53601
59464
59465
59466
59467
59468
59469
59470
59471
59472
59473
59474
53603
53605
53607
47072
53609
53611
26759
26760
26761
26762
53613
20847
53617
41103
53619
22715
72907
78690
20853
53623
20857
26840
26842
53627
59630
53629
59632
59633
20863
42709
27082
53633
26888
26890
26892
42712
53635
26902
20869
26912
26913
26914
42715
53639
15410
26929
26930
26931
42718
53641
79613
53643
20877
48184
31801
53647
64570
31803
53649
59752
64572
31805
53651
53653
27015
42732
42733
17267
59808
59809
59810
59811
59812
59813
59814
59815
59816
59817
59818
59819
59820
59821
59822
59823
59824
59825
59826
42739
59828
59829
59830
59831
27064
59833
27066
59835
27068
59837
27070
27071
27072
59841
27074
27075
27076
59845
27078
27079
27080
27081
59850
27083
27084
27085
27086
59855
27088
27089
27090
27091
27092
64590
27094
27095
27096
27097
59866
59867
27100
27101
27102
27103
27104
27105
59874
27107
27108
27109
27110
27111
27112
27113
27114
27115
27116
27117
27118
27119
27120
27121
27122
27123
27124
27125
27126
27127
27128
27129
27130
27131
27142
27143
27147
27148
27149
27150
27151
27167
27169
27170
27171
27174
27175
27176
27177
27178
27179
27180
27181
27182
27184
27185
27186
27187
27188
27190
27191
27192
27193
27194
27195
27196
27197
27198
37301
42763
48225
48226
48227
27224
27225
27226
27227
27229
27230
27231
27232
27233
27234
27235
27236
15462
27238
27239
27240
48231
27244
27245
27246
27247
48232
27250
27251
27252
27253
27254
48233
27256
27257
27258
27259
27260
60029
60030
60031
60032
36915
22877
14148
27309
27313
27315
27317
27319
27321
27323
27325
27327
27329
60098
60099
27333
27335
27337
60106
27339
27341
23824
20941
27345
27347
27349
27351
27353
27355
27357
27359
27361
27363
27365
20945
27369
27371
27373
27375
27377
20947
27381
4185
27383
27385
27387
60156
27389
60158
27391
60160
60161
60162
60163
60164
60165
60166
60167
60168
60169
60170
27403
27405
27407
27409
27411
27413
27415
27417
27419
27421
27423
27425
60194
20955
27429
60198
27431
60200
27433
27435
27437
27439
60208
27441
60210
27443
27445
60214
27447
60216
60217
60218
60219
60220
60221
60222
27455
60224
60225
60226
60227
60228
60229
60230
20961
27465
60236
60237
60238
27471
60240
60241
60242
60243
60244
27477
27483
27489
60260
60262
27495
60264
26428
60266
60267
27501
4189
27507
60276
26430
60279
60280
27513
59199
60284
60285
60286
27519
60288
59200
60290
60291
60292
60293
60294
60295
60296
60297
27530
60299
60300
27533
60302
27535
27536
60305
27538
27539
27540
60309
60310
60311
27544
60313
60314
60315
27548
27550
27551
27553
27554
27556
27557
27559
27560
27562
27563
27565
27567
27569
60338
20979
27573
27574
60343
27576
27577
27579
27580
60349
27582
27583
27585
27589
27591
27592
59212
27594
60363
60364
27597
60366
60367
27600
60369
60370
60371
60372
60373
27606
27607
27609
57386
60379
60380
60381
27615
27616
59216
27618
27619
27621
27622
4193
27624
27625
27627
27628
59218
27630
27631
27633
27634
27636
27638
27640
27641
27643
27644
27646
27647
27649
27650
27652
27653
27655
60432
60434
60435
60436
27672
27673
27674
27675
27678
27679
60451
60452
60453
60459
60460
60461
60462
60463
60464
60465
60466
60467
60468
60469
60470
60471
60472
60473
60474
60475
60476
60477
21003
60515
23838
27766
27767
27768
27769
27770
27771
27772
27773
27774
27775
27776
27777
27778
27779
27780
27782
27784
27786
27788
27790
60563
60564
60565
60566
60567
60568
60569
60570
60571
60572
60573
60574
60575
23840
47540
27855
27856
27857
27858
60633
60639
60645
60647
42876
60655
60657
60658
60659
60660
60661
60662
60663
60664
60665
60666
60667
60668
60669
60670
60671
27904
60673
60674
60675
60676
60677
60678
27911
27912
27913
27914
27915
27916
27917
27918
27919
27920
27921
27922
27923
27924
27925
27930
27932
27934
42885
27936
41587
27951
27952
59852
60750
60751
60752
60753
60754
60755
60756
60757
60758
60759
60760
60761
60762
60763
60764
60765
60766
60771
15118
48365
15598
48367
23848
48368
48369
28073
187
48375
48376
48377
21071
48378
48379
60905
60906
60907
60908
60909
60910
60911
60912
60913
60914
60915
60916
60917
60918
60919
60920
60921
60922
60923
60924
60925
60926
28164
53846
15617
60939
48386
60944
60945
60946
48387
60948
60949
60950
60951
60952
60953
60954
60955
60956
60957
60958
28197
28199
28201
28203
28205
53853
28209
28211
28213
28215
21087
21088
28231
59861
28236
28237
28238
28262
28264
28266
28268
28270
28272
28274
28276
28278
28280
28282
28284
28286
28288
28290
28292
28294
28296
28298
28300
28302
28304
28306
28308
15641
48416
28324
28326
28328
28332
28334
28336
63138
28351
28352
61121
61122
61123
61124
61125
61126
48417
61128
28361
28362
28363
28364
28365
28366
28367
28374
28375
28377
28379
28381
15653
28385
28387
28388
15654
28390
28391
28392
28393
28394
28395
28396
28397
28398
28399
28400
28401
28402
28403
28404
28405
28406
48425
28408
28409
28410
28411
28412
28413
28414
61183
28416
61185
28418
28419
61188
28421
28422
61191
28424
15660
28426
28427
28428
28429
28430
61199
28432
28433
28434
28435
61204
61205
28438
61207
61208
61209
61210
61211
28444
61213
61214
61215
61216
15664
61218
61221
61222
61225
61226
15666
61230
61233
61234
15668
48437
48438
2040
59870
53903
28511
28514
28516
28518
28520
28522
28524
28526
28528
28530
28532
28534
26046
28536
28538
28540
28542
28544
28545
28547
46890
28550
28552
28554
28556
28557
28559
28561
28563
28565
28576
28578
28583
28584
28585
28606
28607
28609
32075
28615
28646
28647
28652
28653
28654
28655
28656
28659
28661
23868
28665
28667
28668
28670
28672
28674
28676
28678
28680
28682
28684
28686
28687
28688
28689
28690
28691
28692
28693
28694
28695
28696
28697
28698
28699
28700
28701
28710
37555
28729
28731
28733
28735
28737
28739
28740
28742
28744
28746
28748
28750
28752
28754
28756
28758
61532
61533
61535
61536
28770
28772
28774
28776
28778
48487
28780
28782
28784
28786
28788
28790
48489
28792
28793
28794
28795
28796
28797
28798
28799
28800
28801
28802
48491
28804
28805
28806
28807
28808
28809
28810
28811
28812
28813
28814
48493
28816
28817
28818
28819
15727
15729
28840
28844
28846
28848
46892
28850
15731
62386
59423
21194
48501
26057
21196
48503
28879
28880
61654
48505
61656
48507
48509
37587
48510
48511
45560
48512
48513
15746
48515
37593
17331
48517
37595
56612
48519
28974
48521
53984
15755
28999
29000
29001
29002
29003
29004
29005
29006
29007
29008
29009
29010
29011
29012
29013
29014
29015
29016
48527
29029
48529
29039
29040
29041
29042
29043
29044
29045
29046
29047
29048
29049
29050
29051
29052
29053
29054
29055
29056
29057
29058
14061
29060
29061
29062
29063
29064
29065
29066
29067
29068
29069
29070
29071
29072
29073
29074
29075
29076
29077
29078
29079
61848
29081
29082
29083
29084
29085
29086
29087
29088
29089
29090
29091
29092
29093
61862
61863
29096
29097
29098
61867
61868
61869
61870
29103
61872
61873
61874
61875
61876
61877
29110
15776
46797
36977
37623
15778
48548
11882
3153
15784
59475
61949
3154
48556
48558
48560
48562
50074
48564
62010
62011
62012
62013
62014
62015
62016
29249
62018
62019
62020
48566
62031
62032
62033
29266
62035
62036
14068
62038
62039
62040
62041
62042
62043
62044
62045
3157
62047
62048
62049
62050
62051
62052
62053
62054
62055
62056
62057
15808
15810
29336
29337
29340
48581
29344
45997
15814
31529
15816
48585
58819
15818
978
15820
48589
15823
75898
48592
15825
62221
62222
62223
62224
62225
62226
62227
62228
62229
62230
62231
62232
53357
50085
22808
62372
62373
62375
62377
19535
62379
62380
29613
62382
62383
62384
62385
29618
62387
29620
29622
62391
62392
62393
62394
62396
62397
62398
62399
62400
62402
62403
62404
29637
62406
29659
29660
29661
29662
29663
29664
15867
48636
62450
62451
62452
62453
62454
62455
62456
62457
62458
62459
62460
62461
62463
62464
62466
62467
62468
62469
62470
62471
62472
62473
62474
62475
62476
62477
62478
62479
62480
62481
62482
62483
62484
62485
62486
62487
62488
62489
62490
62491
62492
62493
62494
62495
62496
3172
62498
62499
62500
62501
62502
62503
62504
62505
62506
62507
62508
62509
62510
62511
62512
62513
62514
62515
62516
62517
62518
15881
62520
62521
62522
62523
62524
62525
62526
3173
19540
62529
62530
62531
62532
62533
62534
62535
62536
62537
62538
62539
62540
62541
62542
62543
62544
62545
62546
62547
62548
62549
62550
62551
62552
62553
62554
62555
62556
62557
62558
62559
62560
62561
62562
62563
62564
62565
62566
62567
62568
62569
62570
62571
62572
62573
62574
62575
62576
62577
62578
62579
62580
62581
62582
62583
62584
62586
62587
62588
62590
62591
62592
62593
635
62622
62624
62625
62626
62628
62630
62631
62632
62633
62634
62635
62636
62638
62639
62640
62641
62642
62643
62644
62645
62646
62647
62648
62649
62652
62669
62670
46823
62672
62673
62674
62675
62676
62677
62678
62679
76284
58826
14090
62709
62710
58827
46825
62750
29984
29986
29988
14092
29992
29993
29994
29995
29996
29997
30002
30003
34824
30008
30009
30013
30014
30018
30019
30021
30022
30024
30028
30029
54158
21392
21394
15933
5011
41373
54164
21398
62855
62856
62857
62858
33737
46831
54177
41376
14098
15951
30465
15953
30187
48723
48725
19555
15959
15961
48731
26103
30248
30251
30252
21426
30254
48733
30258
30259
63028
63029
63030
63031
48735
30268
30269
30270
30271
35924
63051
63052
63054
63055
63056
63058
63061
3191
30303
30304
30305
30306
30307
30308
30309
30310
30311
37821
30324
30325
30327
30328
35926
48747
30342
41382
63112
63113
63114
63115
48749
46838
63123
63124
63135
30370
30371
30372
30373
63142
30375
30376
30377
30378
30389
35928
63164
63165
37835
46840
48760
30420
30422
30424
63195
63196
63201
63202
63203
63204
63205
63206
63207
63208
63209
63210
63211
63212
15997
26110
48767
30464
48768
30466
30467
4349
30470
30471
30475
63241
30474
63243
63244
63245
63246
3197
16003
63253
30486
33373
30488
48772
63260
30497
48774
30476
36949
26112
16009
41388
30477
46844
30537
30538
30539
30540
10837
30544
30545
30546
37859
30548
30549
30550
30551
30552
30553
30554
30558
30478
52301
30582
41390
30586
30588
30479
46846
37869
33753
30614
30615
30618
46847
30628
30632
30633
37875
30650
30651
30652
30653
46848
30655
30656
37028
52304
33755
37886
31575
30744
30745
30746
30747
30752
30753
30754
48817
45761
30788
45868
78689
30832
30834
30836
48830
30839
30842
48833
21527
35944
63642
63643
63644
63645
48837
48838
63658
63666
36790
53185
26097
21536
63683
63684
63685
63686
63687
63688
63689
63690
63691
63692
21538
63694
63695
63696
63697
63698
63699
63704
63705
63706
63707
63708
63709
63710
63711
63712
63713
21542
41403
63747
63748
63749
63750
30987
30988
30993
52315
30997
30998
30999
31000
31001
63770
63771
63772
31005
63774
63775
63776
31009
31010
31011
31012
31013
63782
31015
63784
31017
63786
31019
31021
63790
35949
31024
31025
31026
31027
31029
31031
31033
31034
31035
31036
31037
31038
31039
14127
31043
31045
31046
31047
31048
31049
31051
31053
31055
31056
31057
31059
31061
31063
31064
31065
31066
31067
31068
31069
31071
31073
31074
31075
31076
31077
31079
49962
31081
31083
31084
31085
31086
31087
63856
63857
63858
63859
63860
31093
63862
63863
63864
63865
63866
63867
63868
63869
63870
31105
31106
31107
31108
31109
31110
31111
31113
31115
31117
31118
31119
31120
31121
31122
31123
31125
31127
31129
31130
31131
31132
31133
46864
31135
31137
31139
31141
31142
31143
31144
31145
31146
31147
31149
31151
31153
56291
31155
31156
31157
31158
31159
31160
31161
31162
31163
31164
31165
31167
31169
31171
31173
52321
31177
31178
31179
31180
44210
31182
31183
31185
31187
31189
31190
31191
31192
31193
31194
31195
31197
31199
31201
31202
31203
31204
52322
31206
31207
31209
31211
31213
31214
31215
31216
31217
31218
31220
48894
31222
31224
31226
31227
31228
31229
31230
31231
31232
31234
31236
31238
31239
31240
31241
31242
21591
31244
31246
31248
31250
31251
31252
31253
31254
31255
31256
31258
12865
31260
31262
31263
31264
64033
31266
54363
31268
31270
31272
21596
31274
31275
31276
31277
31278
31279
31280
31282
59827
31284
31286
31287
31288
31289
31290
31291
31292
31294
31296
31298
31299
31300
31301
31302
31303
31304
31306
31308
31310
31311
31312
31313
31314
21603
31316
31318
27065
31320
31322
31323
31324
31325
31326
31327
31328
64097
64098
31332
31334
31335
31336
59836
31338
31339
31340
31342
27069
31344
31346
31347
31348
59838
31350
31351
31352
31354
59839
31356
31358
31359
31360
31361
31362
31363
31364
31366
27073
31368
31370
14138
31372
31373
31374
31375
31376
31378
59843
31380
31382
31383
31384
59844
31386
31387
31388
31390
27077
31392
31394
31395
31396
59846
31398
31399
31400
31402
59847
31404
31406
31407
31408
59848
31410
31411
31412
31414
59849
31416
31418
31419
31420
64189
64190
31423
31424
31426
64195
31428
31430
31431
31432
64201
46874
64203
31436
31438
59853
31440
31442
35963
31444
59854
31446
31448
31450
27087
31452
31454
31455
31456
59856
31458
31459
31460
31462
59857
31464
54396
31466
31467
31468
31469
31470
31472
31474
59859
31476
31478
31479
31480
31481
31482
31484
31486
27093
31488
31490
31491
31492
31493
46876
31495
31496
79610
31498
59863
31500
64269
31502
64271
31504
59864
31506
31507
31508
31510
58879
31512
31514
31515
31516
27098
31518
31519
31520
31522
27099
31524
54406
31526
79611
31528
59868
31530
31531
31532
31534
59869
31536
54408
31538
16179
31540
31541
31542
31543
31544
31546
59871
31548
31550
31551
31552
59872
31554
31555
31556
48950
31558
59873
31560
31562
16183
31564
27106
31566
31567
31568
16184
31570
59875
31572
31574
48953
31576
31577
31578
70799
31580
16186
31582
31584
31586
31587
31588
31589
31590
31591
31592
31594
31596
31598
31599
31600
31601
31602
31603
31604
31606
31608
64377
31610
64379
64380
31613
31614
46880
31616
79614
31618
31620
31621
31622
31623
31624
31625
31626
64395
31628
64397
31630
64399
31632
31633
31634
31635
31636
64405
31638
64407
31640
64409
31642
64411
64412
64413
31646
31647
31648
31649
31650
31652
31654
31656
31657
31658
31659
31660
31661
31662
31664
31666
31668
31669
31670
31671
31672
31673
31674
31676
31678
31680
31681
31682
31683
31684
31685
31686
31688
31690
43511
31692
21666
31694
31695
31696
31697
31698
31700
31702
31704
54436
31706
31707
79617
31709
31710
31712
31714
76283
31716
31717
31718
31719
31720
31721
31722
31724
31726
43517
31728
31729
31730
31731
31732
31733
31734
31736
31738
43519
31740
31741
31742
31743
31744
43520
31746
31748
31750
43521
31752
31753
31754
31755
31756
43522
31758
31760
31762
76291
31764
31765
31766
31767
31768
31769
31770
31772
31774
31776
31777
31778
31779
31780
31781
31782
31784
36655
31786
31788
31789
31790
31791
31792
31793
31794
46886
31796
31798
31800
64569
31802
64571
31804
64573
64574
70837
31810
31812
5302
31814
31816
31817
31818
64587
31820
64589
31822
64591
31824
64593
31826
64595
64596
64597
64598
20725
31864
31866
31868
31870
31872
31874
31876
31878
31880
31882
31884
31886
31888
31890
31892
31894
31896
31898
31900
31902
31904
31906
43547
31908
31910
14156
70855
31916
31918
31922
16243
31924
31926
31928
31930
31932
31936
31942
31944
46891
31946
31948
31950
31952
31954
31955
31956
31957
31958
31959
31962
31963
31964
31965
31966
31967
31968
31969
31970
31971
31972
31973
31974
31975
31976
31977
31978
31979
31982
31990
31998
32006
32014
32025
32026
32027
32028
32029
32031
32033
32034
32035
32036
32037
32039
32041
32042
32043
32044
32045
32047
32049
32050
32051
32052
32053
32055
32057
32058
32059
32060
32061
32063
32069
32070
32071
32072
32073
27255
32081
32082
32083
32084
32085
32087
32089
32090
32091
32092
32093
32095
32099
32101
32102
32103
32104
32105
32107
32108
32109
32110
32111
32112
32113
32114
32115
32116
32117
32118
32119
32120
32121
32122
32123
32124
32125
18679
64907
64908
64910
64911
40351
53595
30532
32207
46900
32226
17236
32245
32246
32248
32254
32255
32260
10838
32262
10839
31421
32305
32307
32309
37083
32311
32325
32326
46904
32339
32340
32341
32342
32343
32344
32345
27237
17237
27243
45815
32414
32422
27249
21789
32435
32436
32437
32438
32439
32440
32441
32442
32443
32444
32445
32458
32459
10872
60027
60028
46910
46912
45821
30547
46914
42552
49149
16383
