42
43
44
45
178
179
180
181
182
183
184
185
186
187
188
189
190
191
192
193
194
195
196
197
198
199
200
201
202
203
204
205
206
207
208
209
210
211
212
213
215
216
217
218
219
220
221
222
223
224
225
226
227
228
229
230
231
232
233
234
235
236
237
238
239
240
241
242
243
244
245
246
247
248
249
250
251
252
253
254
255
256
257
258
259
260
261
262
263
264
266
267
269
377
380
393
394
399
400
405
421
434
438
439
440
442
443
444
447
448
450
451
452
453
454
455
456
457
458
459
460
461
462
463
464
482
483
484
485
486
487
488
489
490
491
492
493
494
495
496
497
498
499
501
503
506
508
509
518
519
520
521
522
523
524
526
527
529
530
533
561
562
563
564
565
566
567
568
569
570
571
572
573
574
575
577
578
580
581
683
684
685
686
687
688
689
690
691
692
693
785
786
788
790
803
804
805
806
807
808
809
810
811
812
813
814
819
820
821
822
823
824
825
826
827
828
829
830
831
832
833
834
835
836
837
838
839
840
841
842
843
844
845
847
848
879
880
881
882
883
884
885
886
887
888
889
890
891
892
893
894
895
896
897
898
899
900
901
902
936
937
938
939
940
941
944
945
946
949
950
952
954
955
956
967
968
969
970
971
972
973
974
975
976
977
978
979
983
984
985
986
987
988
989
990
991
992
994
995
996
997
998
999
1010
1026
1032
1067
1072
1074
1076
1079
1096
1099
1100
1102
1105
1106
1109
1112
1113
1114
1115
1116
1117
1118
1119
1120
1121
1122
1123
1124
1125
1126
1128
1129
1130
1131
1132
1133
1134
1135
1136
1137
1138
1139
1140
1141
1142
1143
1144
1145
1146
1147
1148
1149
1150
1151
1152
1153
1154
1155
1156
1158
1159
1160
1161
1162
1163
1164
1166
1167
1168
1169
1170
1171
1172
1174
1175
1176
1177
1178
1179
1182
1183
1185
1190
1192
1193
1195
1196
1197
1198
1201
1202
1204
1208
1210
1212
1214
1216
1218
1220
1221
1223
1224
1225
1226
1227
1228
1229
1230
1231
1232
1236
1240
1242
1244
1245
1246
1247
1248
1254
1255
1256
1262
1264
1265
1266
1272
1274
1275
1276
1282
1284
1285
1286
1292
1294
1295
1296
1302
1304
1305
1306
1315
1317
1318
1319
1333
1334
1335
1351
1353
1354
1355
1401
1403
1404
1405
1419
1422
1436
1445
1446
1447
1537
1539
1540
1541
1547
1548
1549
1551
1552
1553
1557
1558
1559
1563
1564
1565
1798
1800
1802
1804
1808
1809
1810
1811
1814
1815
1816
1817
1818
1819
1820
1821
1822
1823
1824
1825
1826
1827
1828
1829
1830
1831
1832
1833
1855
1875
1876
1877
1893
1945
1948
1949
1951
1952
1955
1956
1957
1958
1963
1964
1968
1969
1973
1977
1978
1986
1987
1998
1999
2007
2018
2019
2020
2021
2024
2032
2038
2046
2047
2048
2050
2073
2082
2103
2104
2108
2109
2117
2162
2173
2174
2175
2178
2180
2182
2183
2184
2185
2188
2193
2194
2195
2203
2204
2205
2267
2268
2270
2272
2281
2286
2287
2288
2289
2290
2291
2292
2293
2294
2295
2296
2297
2299
2301
2303
2305
2306
2307
2308
2309
2310
2311
2312
2317
2319
2321
2327
2328
2329
2331
2332
2333
2341
2344
2345
2346
2348
2349
2351
2352
2354
2355
2358
2360
2361
2363
2364
2366
2367
2374
2389
2390
2392
2393
2395
2396
2397
2398
2399
2400
2401
2403
2404
2406
2410
2420
2436
2444
2445
2446
2454
2455
2456
2463
2464
2465
2466
2476
2477
2478
2486
2487
2488
2495
2505
2506
2507
2508
2509
2510
2511
2512
2513
2514
2515
2516
2517
2529
2530
2531
2537
2538
2539
2545
2546
2547
2553
2559
2563
2567
2571
2575
2589
2603
2604
2605
2613
2621
2629
2637
2647
2655
2679
2735
2736
2737
2739
2740
2741
2750
2752
2755
2757
2759
2761
2763
2774
2775
2776
2777
2778
2779
2780
2781
2782
2783
2784
2785
2787
2792
2794
2796
2798
2799
2801
2803
2804
2805
2806
2807
2808
2810
2811
2813
2814
2815
2816
2817
2819
2822
2823
2824
2825
2826
2827
2828
2829
2830
2833
2865
2867
2868
2869
2870
2871
2872
2873
2875
2876
2881
2889
2897
2905
2913
2921
2929
2937
2945
2953
2961
2969
2977
2985
2993
3001
3009
3017
3025
3033
3039
3041
3049
3057
3065
3074
3077
3078
3079
3080
3081
3082
3084
3085
3086
3087
3088
3089
3090
3092
3093
3094
3095
3096
3097
3098
3100
3101
3102
3103
3104
3105
3106
3108
3109
3110
3111
3112
3113
3114
3116
3117
3118
3119
3120
3121
3122
3124
3125
3126
3127
3128
3129
3130
3132
3133
3134
3135
3136
3137
3138
3140
3141
3142
3143
3144
3145
3146
3148
3150
3152
3154
3157
3158
3159
3160
3161
3162
3164
3165
3166
3167
3168
3169
3170
3172
3173
3174
3175
3176
3177
3178
3180
3181
3182
3183
3184
3185
3186
3188
3189
3190
3191
3192
3193
3194
3195
3196
3197
3198
3199
3200
3201
3202
3203
3204
3205
3206
3207
3208
3209
3210
3211
3212
3213
3214
3215
3216
3217
3218
3220
3221
3222
3223
3224
3225
3226
3227
3228
3229
3230
3231
3232
3233
3234
3235
3236
3237
3238
3239
3240
3241
3242
3243
3244
3246
3247
3248
3249
3250
3251
3252
3253
3254
3255
3256
3257
3258
3262
3263
3264
3265
3266
3267
3268
3269
3270
3271
3272
3273
3274
3275
3276
3277
3278
3279
3280
3281
3282
3283
3284
3285
3287
3288
3289
3290
3291
3292
3293
3296
3297
3299
3300
3301
3302
3303
3304
3305
3306
3307
3308
3309
3310
3311
3312
3315
3316
3317
3318
3319
3320
3321
3322
3323
3324
3325
3326
3327
3328
3329
3330
3331
3332
3333
3334
3335
3336
3337
3338
3339
3340
3341
3342
3343
3344
3345
3346
3347
3348
3349
3350
3351
3352
3354
3355
3356
3357
3358
3359
3361
3363
3368
3373
3380
3385
3386
3387
3388
3389
3392
3393
3394
3395
3396
3397
3398
3400
3402
3403
3405
3406
3408
3409
3410
3411
3412
3413
3414
3415
3416
3417
3418
3419
3420
3421
3422
3423
3424
3425
3426
3427
3428
3429
3430
3431
3432
3433
3434
3435
3436
3437
3438
3439
3440
3441
3442
3443
3444
3446
3447
3449
3450
3451
3452
3453
3454
3455
3456
3465
3466
3467
3469
3470
3471
3474
3475
3476
3477
3478
3479
3481
3482
3488
3496
3504
3512
3520
3528
3529
3530
3538
3539
3540
3551
3552
3553
3554
3555
3566
3567
3568
3576
3577
3578
3581
3586
3587
3588
3596
3597
3598
3606
3607
3608
3617
3643
3645
3647
3651
3653
3655
3663
3664
3665
3673
3683
3685
3687
3689
3691
3693
3695
3697
3699
3703
3705
3707
3709
3711
3713
3715
3717
3719
3721
3723
3725
3727
3729
3731
3732
3765
3767
3771
3773
3775
3777
3779
3806
3810
3812
3814
3818
3820
3822
3824
3826
3828
3829
3830
3831
3839
3840
3841
3887
3888
3893
3894
3895
3897
3898
3901
3907
3913
3937
3938
3939
3941
3942
3943
3947
3948
3949
3953
3954
3955
3958
3966
3977
3978
3979
3981
3982
3983
3986
3987
3988
3989
3992
3993
3994
3995
3997
3998
4001
4002
4003
4004
4008
4016
4018
4019
4020
4022
4025
4027
4028
4033
4036
4042
4046
4048
4051
4054
4058
4060
4061
4063
4064
4065
4066
4067
4068
4078
4085
4098
4103
4106
4112
4113
4119
4122
4124
4135
4136
4137
4138
4139
4141
4142
4144
4147
4149
4150
4153
4155
4156
4157
4158
4164
4165
4166
4167
4168
4169
4170
4171
4172
4178
4180
4188
4191
4192
4194
4195
4196
4198
4200
4212
4215
4216
4223
4225
4231
4233
4234
4235
4236
4237
4238
4239
4240
4241
4242
4244
4246
4247
4248
4250
4254
4256
4258
4260
4296
4299
4305
4307
4309
4311
4312
4313
4314
4315
4316
4345
4346
4347
4348
4349
4358
4365
4366
4367
4368
4383
4385
4391
4393
4394
4395
4397
4398
4399
4401
4403
4405
4409
4411
4435
4471
4477
4529
4533
4569
4573
4609
4613
4787
4833
4871
4959
5011
5051
5091
5093
5137
5141
5175
5177
5179
5181
5215
5217
5219
5221
5233
5239
5245
5279
5281
5282
5299
5301
5302
5319
5320
5321
5322
5339
5340
5342
5361
5363
5365
5399
5403
5405
5439
5443
5445
5493
5533
5599
5631
5647
5649
5683
5693
5697
5719
5721
5723
5743
5745
5747
5755
5757
5759
5839
5849
5865
5867
5869
5871
5933
5945
5955
5971
5973
5975
6001
6003
6005
6073
6131
6135
6159
6160
6173
6176
6296
6325
6437
6441
6485
6527
6569
6631
6633
6635
6637
6671
6673
6675
6677
6715
6717