6719
6721
6757
6759
6761
6763
6805
6807
6809
6811
6859
6861
6863
6865
6919
6921
6923
6925
6959
6961
6963
6965
6999
7001
7003
7005
7043
7045
7047
7049
7083
7085
7087
7089
7123
7125
7127
7131
7167
7169
7171
7173
7247
7249
7251
7253
7287
7289
7291
7293
7327
7329
7331
7333
7367
7369
7371
7373
7407
7409
7411
7413
7447
7449
7451
7453
7487
7489
7491
7493
7535
7537
7539
7541
7579
7581
7583
7585
7619
7621
7623
7625
7663
7665
7667
7669
7703
7705
7707
7709
7743
7745
7747
7749
7783
7785
7787
7789
7827
7829
7831
7833
7997
8001
8007
8023
8025
8027
8089
8091
8101
8103
8105
8113
8115
8117
8133
8135
8175
8177
8225
8263
8295
8297
8335
8337
8419
8427
8433
8517
8521
8529
8531
8535
8537
8579
8583
8585
8635
8639
8641
8748
8759
8785
8787
8789
8815
8817
8819
8821
8863
8865
8867
8869
8903
8905
8907
8909
9071
9073
9091
9093
9127
9129
9131
9133
9135
9137
9139
9141
9207
9209
9211
9213
9247
9249
9251
9253
9287
9289
9291
9293
9327
9329
9331
9333
9367
9369
9371
9377
9411
9413
9415
9417
9451
9453
9455
9457
9491
9493
9495
9497
9521
9556
9568
9580
9582
9608
9622
9632
9646
9660
9668
9670
9678
9680
9702
9706
9728
9734
9744
9762
9772
9784
9790
9800
9808
9826
9828
9830
9832
9834
9836
9838
9840
9842
9844
9846
9848
9850
9852
9899
9941
9942
9943
9944
9945
9947
9950
9956
9957
10039
10040
10151
10152
10155
10156
10164
10165
10166
10188
10190
10204
10208
10209
10212
10213
10216
10217
10221
10222
10225
10226
10228
10244
10246
10247
10250
10629
10630
10631
10678
10679
10680
10688
10690
10692
10694
10836
10837
10838
10839
10840
10841
10842
10850
10858
10868
10872
10876
10880
10884
10888
10998
11082
11083
11084
11105
11135
11207
11215
11217
11218
11219
11225
11227
11228
11229
11235
11237
11238
11239
11245
11247
11248
11249
11255
11257
11259
11265
11267
11268
11269
11277
11278
11279
11280
11283
11284
11285
11286
11287
11288
11289
11290
11293
11294
11295
11296
11297
11298
11299
11300
11301
11302
11303
11304
11305
11306
11309
11311
11317
11319
11325
11327
11341
11343
11349
11351
11355
11356
11357
11358
11359
11360
11370
11395
11396
11399
11433
11441
11442
11443
11444
11445
11446
11447
11448
11449
11450
11451
11452
11453
11454
11455
11457
11458
11459
11460
11461
11462
11463
11464
11465
11466
11467
11475
11476
11478
11481
11482
11483
11484
11486
11487
11488
11489
11496
11529
11530
11531
11532
11533
11534
11535
11536
11537
11538
11539
11540
11541
11542
11543
11544
11545
11547
11548
11549
11550
11551
11552
11553
11554
11555
11556
11557
11558
11561
11562
11563
11564
11566
11569
11572
11574
11577
11578
11579
11584
11585
11588
11612
11613
11614
11616
11617
11619
11620
11621
11628
11629
11630
11631
11632
11634
11640
11642
11644
11646
11648
11688
11689
11690
11691
11692
11693
11694
11695
11724
11725
11732
11733
11734
11735
11736
11737
11738
11739
11740
11741
11746
11855
11857
11859
11870
11872
11873
11876
11877
11878
11879
11880
11881
11882
11883
11884
11885
11886
11887
11889
11890
11891
11944
12049
12052
12053
12054
12055
12056
12057
12058
12066
12067
12068
12076
12084
12092
12093
12095
12096
12098
12102
12108
12109
12110
12179
12189
12196
12198
12199
12201
12202
12203
12204
12205
12206
12207
12208
12209
12210
12211
12212
12213
12214
12215
12217
12218
12220
12221
12225
12226
12241
12243
12250
12257
12258
12259
12261
12262
12263
12265
12266
12267
12269
12270
12271
12274
12275
12297
12300
12301
12302
12304
12305
12344
12345
12346
12354
12355
12356
12365
12366
12367
12441
12442
12478
12484
12485
12486
12487
12528
12529
12530
12531
12532
12533
12534
12535
12536
12537
12538
12539
12540
12541
12542
12543
12544
12545
12546
12547
12548
12549
12550
12551
12557
12559
12563
12565
12608
12612
12614
12618
12620
12625
12631
12633
12709
12710
12761
12765
12767
12771
12773
12775
12777
12779
12785
12787
12789
12791
12801
12803
12805
12807
12814
12816
12818
12820
12822
12824
12826
12828
12836
12865
12994
13000
13001
13003
13119
13166
13209
13216
13217
13218
13219
13220
13221
13222
13223
13224
13225
13226
13227
13228
13229
13230
13231
13232
13233
13234
13235
13236
13237
13238
13239
13240
13241
13242
13243
13244
13245
13246
13247
13248
13249
13250
13251
13252
13253
13254
13255
13256
13257
13258
13259
13260
13261
13262
13263
13265
13267
13278
13279
13283
13284
13285
13286
13287
13320
13321
13773
13774
13775
13776
13777
13778
13779
13781
13782
13783
13784
13785
13786
13787
13788
13791
13793
13795
13797
13799
13801
13803
13805
13807
13809
13811
13813
13815
13817
13819
13820
13821
13822
13823
13824
13825
13826
13827
13828
13829
13830
13831
13832
13833
13834
13856
13864
13865
13866
13867
13868
13870
13872
13873
13874
13876
13878
13879
13880
13881
13882
13883
13884
13885
13886
13887
13888
13889
13890
13891
13892
13893
13894
13918
13919
13920
13921
13922
13923
13924
13925
13926
13927
13929
13931
13933
13935
13937
13939
13941
13943
13945
13947
13948
13949
13950
13951
13952
13953
13954
13955
13956
13957
13959
13960
13963
13964
13965
13966
13967
13968
13969
13970
13972
13974
13976
13978
13980
13982
13984
13986
13988
13990
13992
13994
13995
13996
13997
13998
13999
14001
14003
14005
14007
14009
14011
14013
14015
14017
14019
14021
14023
14025
14027
14029
14031
14033
14035
14037
14039
14041
14043
14045
14047
14049
14051
14053
14055
14057
14059
14061
14063
14065
14067
14068
14069
14070
14072
14074
14076
14078
14080
14082
14084
14086
14088
14090
14092
14094
14096
14098
14100
14102
14104
14106
14108
14110
14112
14114
14116
14118
14120
14122
14124
14126
14127
14128
14130
14132
14134
14136
14138
14140
14142
14144
14146
14148
14150
14152
14154
14156
14158
14160
14162
14164
14166
14168
14170
14172
14174
14176
14178
14184
14186
14188
14190
14192
14194
14196
14200
14202
14204
14206
14208
14210
14214
14220
14222
14226
14228
14230
14232
14234
14236
14238
14240
14242
14244
14246
14248
14250
14252
14254
14256
14258
14260
14262
14264
14266
14268
14270
14272
14274
14276
14278
14280
14282
14284
14286
14292
14295
14296
14297
14298
14299
14358
14375
14379
14381
14383
14385
14387
14391
14393
14397
14399
14401
14405
14407
14409
14411
14413
14415
14417
14419
14421
14425
14427
14429
14431
14433
14437
14439
14451
14453
14455
14459
14461
14463
14465
14469
14471
14473
14484
14486
14492
14500
14502
14504
14506
14508
14510
14512
14514
14516
14520
14525
14526
14527
14528
14530
14534
14536
14538
14540
14542
14546
14548
14550
14552
14554
14556
14564
14572
14580
14588
14599
14601
14603
14606
14610
14614
14622
14636
14638
14640
14642
14644
14648
14650
14654
14656
14672
14674
14676
14678
14680
14681
14682
14683
14684
14686
14688
14690
14692
14694
14696
14698
14700
14701
14702
14703
14704
14705
14706
14707
14710
14714
14716
14718
14720
14722
14726
14730
14732
14734
14738
14740
14742
14744
14746
14748
14749
14750
14751
14752
14753
14754
14756
14757
14758
14759
14760
14762
14763
14765
14766
14768
14770
14772
14776
14778
14782
14790
14792
14794
14796
14798
14800
14802
14804
14806
14808
14810
14812
14814
14816
14818
14820
14822
14824
14828
14830
14832
14834
14838
14840
14844
14846
14848
14849
14850
14851
14852
14853
14855
14858
14860
14864
14868
14870
14872
14876
14878
14884
14886
14888
14890
14892
14894
14896
14898
14900
14902
14904
14906
14908
14910
14912
14914
14916
14918
14920
14922
14924
14926
14928
14930
14932
14934
14936
14938
14940
14942
14948
14950
14952
14954
14956
14958
14962
14964
14966
14968
14972
14974
14976
14978
14980
14982
14984
14986
14988
14990
14992
14994
14996
15000
15002
15004
15006
15008
15010
15012
15016
15018
15020
15022
15026
15028
15030
15032
15034
15036
15038
15044
15046
15048
15050
15052
15054
15060
15062
15064
15066
15068
15070
15074
15076
15080
15082
15084
15086
15088
15090
15092
15094
15096
15098
15100
15102
15104
15106
15108
15110
15112
15114
15116
15118
15120
15124
15126
15128
15130
15132
15134
15136
15140
15142
15144
15146
15148
15150
15152
15154
15156
15158
15160
15161
15162
15163
15164
15166
15168
15170
15172
15174
15176
15178
15180
15182
15184
15186
15188
15190
15192
15194
15196
15198
15200
15202
15204
15206
15208
15210
15212
15214
15216
15218
15220
15222
15224
15226
15228
15230
15232
15234
15236
15238
15240
15242
15244
15246
15248
15250
15252
15254
15256
15258
15260
15262
15264
15266
15268
15270
15272
15274
15276
15278
15280
15282
15284
15286
15288
15290
15292
15294
15296
15298
15300
15302
15304
15306
15308
15310
15312
15316
15317
15331
15353
15410
15457
15458
15459
15460
15461
15462
15463
15464
15465
15466
15477
15478
15479
15480
15508
15509
15510
15511
15587
15588
15589
15590
15591
15592
15593
15594
15596
15597
15598
15599
15600
15601
15602
15604
15605
15607
15608
15609
15610
15611
15612
15613
15614
15615
15617
15618
15619
15620
15621
15622
15623
15625
15626
15627
15628
15629
15630
15631
15632
15634
15635
15637
15643
15646
15647
15648
15649
15650
15653
15654
15655
15656
15657
15659
15660
15661
15662
15664
15669
15670
15671
15672
15673
15674
15675
15677
15681
15683
15685